16.8570878703641
16.2223758889576
15.0942062578691
14.1982529423187
12.3947939041561
11.0932173285066
9.73988445543311
8.75183567078444
7.92129649965125
7.36778973485959
6.70542102951475
5.80956957153551
4.29189101982462
2.69819914767370
0.818403305840228
-0.772039742553960
-2.41677810319498
-3.71214125434017
-4.95720559334192
-5.99896788685739
-7.11361232916959
-7.97595716821825
-8.80477824655677
-9.34201800748926
-9.62653646745441
-9.85625334190717
-10.0503040552051
-10.2753520888555
-10.4668634856380
-10.5457071127567
-10.5043089108843
-10.4057411275955
-10.2569479118633
-10.0570987564361
-9.52426374668193
-8.88333828153372
-7.93303506751472
-6.79503072693379
-5.46794739532157
-3.63041927945156
-0.706476725407924
3.39979531769950
7.76298565578871
10.8341212489422
11.9146032361020
12.9950852232621
13.7029142300067
14.6468366034276
14.6439181530158
14.6409997026041
14.5479593080731
14.4545297156313
14.3015198842343
14.2331766070396
13.8135237148975
12.9642419889866
11.5837776262554
9.87438623905419
7.76612351713704
5.98877239587993
4.55316721622117
2.83035625544416
1.47113804785250
0.555454451429229
-0.293479600332267
-1.01272079994445
-1.87468325046035
-2.59138903018940
-3.69070643937930
-4.52640594962470
-5.29863446671194
-5.78518181146702
-6.22832281514186
-6.63873134968316
-6.99770153639929
-7.42845321657104
-7.51993059168805
-7.45767611837866
-7.38240850836201
-7.12475189450379
-6.77895108586360
-6.53560750133565
-6.20648757981240
-5.69326465402305
-4.52512335188724
-3.02902523585867
-0.674722848778196
1.69723669528579
4.33221397809970
7.41546616278928
10.0608930226491
11.8181509624520
13.0802245141115
13.6848516113908
13.8851543646092
13.8108746010055
13.4517714795964
12.9689857530213
12.1802053914179
11.4118348825636
11.0764649771353
10.7410950717070
10.3081866214319
9.29113360940766
8.74615979949533
8.20118598958308
6.49517875077298
5.55155975339236
4.55659609483998
2.97987400039634
2.08214343125617
1.24065850552225
-0.312188190425781
-1.54730521137504
-2.83595946132171
-3.91345810791420
-4.87263462331824
-6.17774866078976
-7.30793942547457
-8.20479083868786
-8.92687764679916
-9.23648353526146
-9.30706450190298
-9.26083255299377
-9.02428920551438
-8.70559674052560
-8.17719157923586
-7.56089196119317
-6.60853906950742
-5.52059334720225
-4.25019436829519
-1.74594226400288
1.12631729783877
4.26255781467046
8.49089491808365
12.4446227482447
16.3253227587985
17.9804311915955
20.2710683428484
20.4688105147843
19.5980450916618
18.2638663599101
16.5027517192935
14.8457682477968
13.7010809723150
12.3650877696383
10.5503674068523
8.33603719329248
5.82452575604823
3.83215147214965
2.38778811413546
1.92860207205418
1.51622265191956
1.21350082403914
0.843548128561831
0.405801427926803
-0.393033595825986
-1.29190188074260
-1.83950696752769
-2.65604042986084
-3.90440709879597
-4.54567829578679
-4.92999065239287
-5.31774398453349
-6.16543376707793
-6.47944237046811
-6.79345097385833
-7.71612357706823
-8.32023927468612
-8.77708252331634
-9.17110148542263
-9.42176979142523
-9.48975597869135
-9.54466270272645
-9.39485859269072
-8.88175340087701
-7.62139825982499
-5.85803221998178
-2.90751945099980
-0.505617411553321
2.01589974783809
4.63437814061657
8.69948354981850
11.3725599857639
13.1801811116606
13.8924356305776
13.8529759305166
13.1556540626033
12.2076190811997
11.1535217745344
9.82864685229683
8.54744948975635
7.12267356586240
6.43352449701483
5.70636839527450
4.85574289163923
3.92128659282301
3.12856434450609
2.05841907532315
0.893527433454010
0.254960135040069
-0.383607163373958
-1.94827304709405
-3.23823673752742
-4.56031743822802
-5.63228153791269
-6.50577118955124
-6.93026513203236
-7.38659945755720
-7.99960958146911
-8.67097490884600
-9.15927480834974
-9.57798506091623
-9.83568067645726
-9.92385572651897
-10.0120307765807
-10.2161965739781
-10.3576065105581
-10.4070222482085
-10.3092045816988
-9.95855233590281
-9.59673207752261
-9.23491181914251
-7.54378044400188
-6.24443849381819
-4.93144303924248
-1.36617732770997
2.06724230717067
3.79835213263029
5.53556325405846
8.23030871669279
9.83964275362935
10.7163430712415
10.9420964908918
10.8584781226501
10.7739205210998
10.5580157713732
10.3421110216465
9.67694367343060
9.05298436889827
8.35764648808013
7.69889114222902
6.83189682927603
6.35673310946602
5.88156938965601
4.15410389319301
2.39260515394295
0.844733631439841
-0.748301475387031
-2.03918316468048
-2.50468353648190
-2.97018390828325
-3.55529917005341
-4.40792692634270
-5.41422248344567
-6.15810724143070
-6.88311885247301
-7.19763828630357
-7.51215772013418
-8.16311243551144
-8.79582788964576
-9.29533879609595
-9.80268382129886
-10.1759939334515
-10.2805654725003
-10.3851370115491
-10.2631118414890
-9.72889215170112
-8.44938263564563
-6.72255983798388
-4.18943076480737
-2.86551355620567
-1.54159634760415
1.97805675479234
5.45602932157897
8.09450805639000
10.2564833852815
11.4629083655542
11.7119750021651
11.9610416387760
11.9389426735157
11.6828422293357
11.3832811593818
10.5832083469880
10.0427799495080
9.50285827809264
9.00727289518661
8.51168751228065
7.34037950594770
6.41385855655863
5.82648249993305
5.22338403705425
3.70705751453783
2.95757151594531
2.20808551735268
0.331395784148541
-1.21209430128812
-2.42190334150500
-3.63602996471124
-4.62980020945136
-5.08891508381094
-5.54802995817046
-6.69727348789797
-7.50819067979083
-8.25599527628968
-8.75597201094002
-9.13128527524521
-9.21587706904313
-9.30046886284104
-9.39170894903955
-9.30409292323417
-9.06737667971246
-8.56409499598468
-7.91154131006518
-7.42032550981356
-6.92910970956195
-4.52220136031480
-1.93376928682915
1.59859719436674
4.77974311967668
7.85082022270870
8.77997461728982
9.70912901187094
10.4905706681246
11.1701282145918
11.3931490787007
10.9521043568608
10.2154510738055
9.73006088160410
9.24467068940265
8.60750331536146
7.93164061412172
6.64792872997607
5.64271270765027
4.76717802418427
4.46728217814818
4.16738633211206
3.58345932298865
3.18564164090415
2.77808241560758
1.59191911880409
0.907297517879823
0.230596739455618
-0.347705096366039
-0.926006932187774
-1.75108498304660
-2.77496147094096
-3.49789889525175
-4.25793108463754
-5.45183171784814
-5.78014014482986
-6.10844857181163
-6.43675699879339
-7.50494591074346
-8.33435118704716
-8.97023025360098
-9.55727964616465
-9.84529526327120
-10.0088000967444
-9.74289232981153
-8.90363027604799
-7.69667899170599
-5.62099049059363
-3.23031753431146
-1.13122156946852
1.06864490960632
3.40473466535532
6.25878275813603
8.87451412704232
10.6041304994858
11.7550445495930
12.0448793697241
12.0398922093293
11.5583231317375
10.8027065108603
10.0474314674639
9.28384340417656
8.67159040237512
8.31872291718609
7.97518650566833
7.63489459824121
7.22203506493609
6.62808785632326
5.90242759987102
4.76131779059080
4.14720252530833
3.53308726002577
2.70431695320456
1.77727499350205
0.432270973621421
-0.967010526945765
-2.10131999479669
-2.63208146226431
-3.16284292973200
-4.21059749676854
-4.98694447881127
-5.75012994816062
-6.34130577743991
-6.88695755996714
-7.10450381748441
-7.32383782308788
-7.75500317771984
-8.23093171337707
-8.64817266744789
-9.02436471998954
-9.17725743979584
-9.03447213996268
-8.89168684012953
-8.24920012456802
-7.54030492611823
-4.76217712995744
-1.28737614403642
0.862003061715322
2.98510325726676
4.88057898282232
6.72390304408466
8.07328804405677
9.42855134994430
11.0808316059548
11.4431045240455
11.7807042195082
11.8170428888790
11.8088441738834
11.4922268440280
10.9338178419598
10.6684488247613
10.3908922470538
9.97518558138035
9.71032317469641
9.43493056773195
8.46158309178818
7.18264959770100
5.16460285658038
3.17886061651749
1.06769978072026
0.206639183173340
-0.654421414373578
-2.20821126355459
-3.61307574312925
-4.62829579174591
-5.47287387806646
-5.99102345186261
-6.18995417559825
-6.38393411343031
-6.56194758101105
-6.69433695904432
-6.83147602753802
-6.98754772855788
-7.26020193734414
-7.44522339862736
-7.64797180368042
-7.89799329369973
-8.05707924295954
-7.96717497855114
-7.48653822933877
-6.78291746990881
-6.33607991318101
-5.88924235645322
-5.35041453556240
-3.31525925972148
-0.259302029219454
2.64867593055790
5.81278865696947
7.72777455805310
9.18335844827634
10.4198002009498
11.7120823387383
12.2020963622068
12.1776762983188
11.9190501812061
11.6700969214755
11.4242609768325
11.1845538910758
10.9884926731291
10.7694951877782
10.3005403176093
9.89928761569501
9.49062401042944
8.59199524467057
7.52028982179749
6.25933083034233
4.41277572331116
2.45079851796166
0.926484424236642
-0.493959771861318
-1.09012532669336
-1.70945158068776
-2.66987290039822
-3.54138371361303
-4.14546836320434
-4.67916651618989
-5.10371177962610
-5.37320929404938
-5.68806875014227
-6.15425062242097
-6.67489724831619
-7.24475509488689
-7.67043936458336
-7.98998179289545
-8.01975647865932