21.6354713966156
20.4840761876647
19.1216904668868
17.4145113027096
15.4702794200017
13.4123358606940
11.3402081489009
9.36283942370074
7.47227517359403
5.77628820834583
4.00568807029266
2.10375631153391
0.121947199424334
-1.77723477909571
-3.33107556739428
-4.39330212851920
-4.94603054832739
-5.18329342516293
-5.23290668754373
-5.21960743402128
-5.21117054186297
-5.21957539128379
-5.21716812993069
-5.18039753687333
-5.09947262068434
-5.00852953977540
-4.95058854596133
-4.98827238104504
-5.18890384124938
-5.64395313065065
-6.25374767230113
-6.99378240326643
-7.57881933623022
-7.71994554844832
-7.15978611225812
-5.83772155883125
-3.88901109744586
-1.13000197373312
2.10695263197469
5.91244775040835
10.1913009101620
14.5739880149809
18.5817431330584
21.8865675508230
24.4165729479145
25.7698925405398
26.0859665366033
25.3997286960915
23.8227697883370
21.8201079613165
19.8467985012238
17.7969632100431
16.1200313909164
14.4698335529516
12.7318946459472
10.8780642719533
8.82310213025836
6.70148069906593
4.12808388302813
1.81001607956518
-0.148590374184910
-1.65544725468633
-2.72707714757591
-3.46703523937279
-3.91417496785880
-4.30422653868797
-4.45209065158676
-4.36061730523872
-4.05744424393422
-3.64391422623732
-3.21779850879191
-2.90629541974916
-2.62312975290268
-2.56821837263988
-2.68720652615052
-2.94567111366194
-3.30132199733833
-3.68912345361878
-3.94137165068263
-4.01258763817944
-3.64316420336051
-2.75584813253986
-1.25316401779646
0.836717621622764
3.31028302662667
5.33767119508393
8.71723907319821
11.5202837159452
14.7038130159100
17.8466210479141
20.7110824047471
23.0302711590692
24.2862726072207
25.4483538280190
25.5044242232231
24.8038595340628
23.4125887242902
21.4949537248065
19.2718246960393
17.3069138527637
14.5751892248112
12.1195260531249
10.8677143483840
9.61626390746235
7.09604270099836
4.59026389285528
2.72710832611848
1.16177884163019
-0.253145241110515
-2.32943744616017
-3.98040327298128
-5.22808913885563
-6.10639419936155
-6.54600473487371
-6.84402821922701
-7.06507571103863
-7.22545865397109
-7.19018416263344
-6.97212349224629
-6.61898141793779
-6.30090363872257
-5.99907285630140
-5.70621339808830
-5.16874329905407
-4.63285678930508
-4.15826129264994
-3.79711191495330
-3.49120771893466
-2.99532719230555
-2.42713507963293
-0.260861034187339
3.09135295896692
7.10599454997803
11.1478732876653
13.4770040120501
15.6887640324704
17.7538053339391
20.0867560270825
21.6898156024472
22.5349379163101
22.6701693242870
22.4164366323272
22.0100494397444
21.2437341229788
19.7359957711289
17.8665766243331
15.6567085411889
13.0777824193064
11.2865352900656
9.43894232740197
7.51922772569674
4.92671071171297
2.50397437252283
0.185943169860203
-1.96515088942066
-3.15885225006173
-4.36656941603636
-5.59623640493908
-7.05105256170413
-8.08572613622177
-8.63824741045598
-8.75788259247207
-8.63770312322842
-8.46907785145668
-8.23660993010905
-7.89014481218530
-7.61622292700179
-7.43178089915880
-7.38103005683447
-7.45404199981818
-7.57933702887350
-7.79254797914195
-8.18641637054276
-8.47762776428509
-8.35018584862727
-7.56604798678547
-6.59742395201546
-5.39195986765353
-3.87736983566810
-1.23937239380602
1.65163268227966
4.68967463699844
7.74707321721538
9.31437227558630
10.9342005055027
12.8227993650628
14.3124055412631
15.1580824921738
15.4170077275064
15.1271233321922
14.6462857866143
14.0153624975869
13.0144782959209
11.3961060905989
9.58626511599283
7.77889330817138
5.97155621026099
4.86853559109724
3.63704439939822
2.05513610420423
-0.0138005931378316
-2.09687699246594
-4.08861805961403
-5.86133454184522
-6.67685551700972
-7.43396086156721
-8.07225794203889
-8.42884600131271
-8.40295043806592
-8.11175097354923
-7.69784338976679
-7.50845001164432
-7.31905663352180
-7.05349745722195
-6.98336351881422
-7.12483104229126
-7.49194771802530
-8.02772091419826
-8.26229472856749
-8.41367757781726
-8.29017093917476
-7.39091408014342
-5.82761678517291
-3.67911901810104
-1.08677590866537
0.475099590132877
2.16344796522097
5.10079795527646
8.36794052263076
11.3702994986346
13.7435720334294
15.4226686780138
15.8946053214718
16.3518207577955
16.4723205612773
15.8382322730437
14.5699364781036
12.9081543018399
11.0346574126503
10.0024415216848
8.91503069536670
6.86092940831569
4.78700992849664
2.65438256549076
0.506951158272956
-1.63039776926047
-2.57529318618212
-3.52018860310363
-5.41123091443641
-6.87595251394987
-8.04459125717745
-8.93812111856307
-9.57458820022028
-9.75869782794762
-9.94123058533659
-10.0113297677647
-9.84670280776515
-9.59904407959050
-9.33355831596074
-9.09237148128834
-9.00367071422704
-8.91890946946889
-8.89664246805954
-9.06500781305051
-9.31060885350687
-9.33294590210183
-8.75028911687027
-7.98864041940633
-7.07073845263927
-4.84329923638149
-1.72028272044801
1.53743545406791
4.64043086698996
7.47325655237732
8.70283539417387
9.92062785192440
11.9299195452152
13.3427001345128
14.2690911826352
14.7267761635030
14.6969590192864
14.4353964192635
14.1732068078929
12.9866145496920
11.3713685360926
9.40581845310214
7.24744835047218
4.96694054742626
3.86373568078491
2.76053081414356
0.359117501200955
-1.85906130057847
-3.72347484153740
-5.48012924011571
-7.07787313535310
-7.72609425034169
-8.37088582182303
-9.59699872779633
-10.3409392103813
-10.7139009331355
-10.7906299289499
-10.6928990500072
-10.6135362920168
-10.5342288041998
-10.3194933277190
-10.1637501782338
-10.0655164372968
-10.0287565991901
-10.0564798058314
-10.0855606875092
-10.1146415691870
-10.1063646050160
-10.0844241184216
-9.62311876828857
-8.32595494346354
-6.11666306243287
-4.83387760108178
-3.55818751335986
-1.86069965655116
0.0321384062213482
3.12690492015722
5.98208403590546
8.49573441984396
9.56924931246685
10.6552919558156
12.3155241086016
13.5126637605770
14.1766389363970
14.2653527243645
13.7473800347645
13.3245102570115
12.9016404792584
12.3528944858749
10.4729180742620
7.89446211302703
5.23761511410828
2.88814360525336
1.62707694718566
0.416533522744363
-0.742618012428720
-2.37162475217008
-4.07890681054286
-5.53590370236778
-6.80624340963324
-7.22239583103786
-7.63854825244247
-8.24815693566148
-8.58012176638487
-8.80056541758910
-9.00526871450309
-9.22704874077703
-9.34649133571962
-9.46571856979860
-9.62521352906018
-9.80474887334227
-10.0755769023692
-10.2857754836515
-10.4515265393499
-10.4646041806995
-10.4776818220492
-10.1032856763185
-9.05690173873354
-7.15123831207353
-4.36870325320304
-0.924720023529335
0.769556534158315
2.45680615742034
4.48312913851494
6.62957886718401
9.98442659932310
12.6620606305750
14.7743207752245
15.4729615872566
16.1692028205731
16.7768146081621
16.4596259045003
15.2589988252604
13.2740567017443
10.7576465138135
9.52264448257241
8.29136934297144
5.31013223428314
2.93556419710946
0.936373584997522
-0.819008653238694
-2.44248656067568
-3.11164448109979
-3.78080240152390
-5.41936563053045
-6.60797709146952
-7.54459433930401
-8.19878599159694
-8.55439953870013
-8.63704993152884
-8.71896132855227
-8.80292512793790
-8.83872694220696
-8.88760405251118
-8.96241485952757
-9.05266397677270
-9.09859827245399
-9.14443927902320
-9.24631327447671
-9.35436829764798
-9.48940328574449
-9.61077666913126
-9.50927821698766
-9.09426955473396
-8.67793859595236
-6.48592749528165
-3.12824499831613
1.02455419667765
5.55725970978058
9.89596493867439
11.8506162247513
13.7588454185576
17.0714383282885
19.4947495909873
21.1555022035100
21.9811140545855
21.8877331171357
21.3285277090655
20.7691361174243
18.5306990217137
15.5077089895935
12.0905240539645
8.68708765677939
5.60052962098718
4.44745318173228
3.29437674247737
1.04729476357919
-0.651943384803413
-2.23306859788263
-3.78972239302993
-5.20063718184336
-5.74294801070144
-6.28465039087345
-7.16115320197781
-7.65995169755096
-7.95803554354829
-8.13656371462375
-8.26477839880167
-8.31009857975987
-8.35541876071808
-8.41165556075973
-8.57588948274650
-8.80357805369635
-9.05728667018305
-9.28923192809383
-9.40416828725734
-9.55823722028370
-9.57314835480999
-9.55368559989327
-9.49659303840823
-9.17658983727718
-8.21414112374394
-7.26966216111787
-6.32518319849181
-2.66990728155144
1.60515079840042
6.10274740262918
10.4058329276989
14.0429581036480
15.5147575240816
16.9696082727161
18.9218237122795
19.9760657128313
20.3424126329439
19.9954657383150
18.9554297698978
18.1129615420436
17.2716211403169
14.8774301518023
12.1018573965727
9.19421466128500
6.48446996210634
4.13954339915977
3.24033997496042
2.34461463369301
0.486089024745292
-1.12431479907107
-2.67645470089036
-4.12444292712667
-5.38531950322076
-5.81014772347441
-6.23413949026761
-6.96557918175539
-7.29347335730172
-7.43038598741456
-7.43930953469119
-7.37052453888137
-7.31852071753352
-7.26654210576172
-7.13264406164586
-6.99663054004350
-6.86791399771746
-6.71852454954659
-6.53458534964169
-6.44202760647934
-6.34946986331698