9.44861200065192
9.32862897130098
8.93389684769505
8.28044132604946
7.59149427597925
6.79391186250750
6.08984713182469
5.75981391066179
5.46102785081282
5.09158655432240
4.23820680027060
3.01341780484346
1.81043509961631
0.215798300476650
-0.845521400857423
-1.88554025252717
-2.90922867192640
-4.42779945360336
-5.67603693284228
-6.82919237289553
-7.61876587031947
-8.05143002311408
-8.43316886845840
-8.77338854188732
-9.07630234813932
-9.32966988322601
-9.49864238484451
-9.57814423343058
-9.65038692174331
-9.71063020798298
-9.78229354655436
-9.82835561553561
-9.82468336009309
-9.72826893375618
-9.61598657069639
-9.03445033078703
-8.54044137561006
-8.04799476416483
-6.52869779190210
-5.46230442941138
-4.43447750829328
-3.36432283424619
-2.29060719572892
-1.03715045956586
0.317630226091255
3.01694356014999
5.00568588061800
6.79940613406393
8.12076879496001
9.02168638155130
9.57896300590070
9.80302306332947
10.0423685073179
10.0756402429961
9.96924960830270
9.84144603244732
9.71205290886155
9.23185955342830
8.83904394901757
8.44321626676793
7.89807411932827
7.35293197188862
6.01582450673722
5.03524936031804
4.10497366598163
2.90922093480123
1.57918524396568
-0.0656016551500480
-1.88602631765184
-3.56034301053894
-4.78778557732447
-5.85953993022834
-6.22088293390801
-6.57737726528452
-7.12307010911320
-7.63006268382222
-7.99692300194825
-8.35808906712704
-8.64766396948630
-8.82916819827287
-9.00835586807926
-9.22013686048470
-9.38247731653938
-9.43350832771503
-9.30568080199958
-8.96948355234648
-8.71729111788116
-8.46642762367782
-7.44485138601565
-5.98221174218816
-3.95331685497933
-0.969045253952813
2.12715537690065
4.10781331336543
6.09385729323690
8.67370240345359
9.77425731759279
10.8591148622943
12.3474017381901
12.8321988186770
13.2310897336367
13.3342600966127
13.4139362533862
13.1167442401632
12.4519927058251
11.4397144025920
10.3640737987251
9.03550223815539
8.38215013467763
7.73825660085967
6.14041763007792
4.22321303369798
2.45506708730240
0.403430649496663
-1.34858198290889
-1.99625402774734
-2.55168052626758
-3.10710702478789
-4.85389251816243
-6.52539169187277
-7.82427690922460
-9.08744052779917
-9.76814307440393
-10.6576532578163
-11.0992621040261
-11.4080126467792
-11.5335996387602
-11.5713310666574
-11.5356586951017
-11.4790030214312
-11.4125642055220
-11.3378006259334
-11.2143153420265
-11.0680051137561
-10.9498962037355
-10.8531298725845
-10.8214038880478
-10.7850898350533
-10.7318159731107
-10.5810389524681
-10.3292859660022
-9.85152858207691
-9.09195109785166
-8.19731590292815
-7.03369284757041
-4.83085353663020
-1.43056277179109
2.63418505471182
6.56807702935897
10.2761042381764
11.8069171766358
14.7108221538474
15.5578912513751
15.8762357248857
15.6696896243185
15.1218682413671
14.4118473521718
13.9370262077397
13.4825973504239
12.5750076398172
11.6841301857722
10.6643658248456
9.67614706569110
8.42494734241851
7.75144959059978
7.08454436733171
5.45428865626696
3.48685534038409
1.64290471227817
-0.426344686938901
-2.10211629267975
-2.96785613748468
-3.73950657382620
-5.07639171817307
-6.14450160509830
-6.99776280502890
-7.56081378323581
-8.05206066115154
-8.25558121652165
-8.44282463975452
-8.71944289385874
-8.96755723752751
-9.16303524862160
-9.34529805200742
-9.48932324594773
-9.54419036544983
-9.59157023957198
-9.61766061442196
-9.55981883142812
-9.42691786001915
-9.27383494743207
-9.08899146241431
-8.98152640265233
-8.87492678935233
-8.36794013131360
-7.43508930099838
-6.08035338066457
-3.87494682666929
-1.25719079780893
0.336827749772309
1.84857884887979
5.68900210011781
8.75599780459295
11.7467883930351
13.7026646392879
15.2233650076936
15.5245352916631
15.8167491294659
15.9144550807401
15.9167480860364
15.6422200161121
15.3652061147181
14.4851408417202
13.8997601639858
13.3397878814147
11.7728164526075
10.1281173976202
8.07449640001209
6.06429123427452
3.69103684000090
2.69670299781278
1.71087744367492
-0.592088481251368
-2.76435443714143
-4.42472567260603
-5.94515209726557
-6.88508419935549
-7.16449481938997
-7.38880463131695
-7.61779440075074
-7.87245413165806
-7.98861878230328
-7.96916671140960
-7.91064880596470
-7.88826306655827
-7.92456673498868
-8.04353011855908
-8.26046426740712
-8.50609057365654
-8.80334763436400
-9.04303541154940
-9.21282535786263
-9.36197945254754
-9.33210077898040
-9.06707784117825
-8.40158520176096
-7.27775650587420
-5.19057606817996
-2.95394185616749
1.56994120540250
5.87615873587145
10.5221287273330
13.9047130136832
16.9375479707658
18.5528214483759
19.1514587643334
19.4993765167651
19.5157168847963
18.9295491838771
17.7956926323255
16.5153787840649
14.9496383380491
13.8680176148999
12.8388962545137
11.8517189127336
11.0310927711071
10.2238929527261
9.33267594204903
8.43473501523734
7.18182216132662
5.76090008197147
4.01823982602550
1.90780000583624
0.694658067540947
-0.407148272871546
-2.34512024644536
-3.13188838349543
-3.91551927653063
-4.92369809389059
-5.38766616362854
-5.79990679918597
-6.43582933050739
-6.68121254471835
-6.92466294241589
-7.15868149255739
-7.40539108202362
-7.74005574649848
-8.13451520626896
-8.30229499784222
-8.46801937930174
-8.71763325610006
-8.82913610371616
-8.92034725882521
-8.96652632083883
-8.88576736336475
-8.80286566527293
-8.29649665531155
-7.68541678127961
-7.06303012779966
-5.96890207631508
-4.83564104769496
-3.25474192173043
-1.63204496773899
2.28083540185148
5.64648721034623
8.95105430181030
9.98877578866703
11.0162706061054
12.7439144511394
13.7157037875998
13.9885521549512
13.8518598424081
13.5089916609591
13.1387645161265
12.7514818817776
12.2245905063968
11.6087034164531
10.3062272744946
8.92851196433499
7.14300428874986
5.33966077661975
4.23739011071308
3.19392156529953
1.01022533127073
-0.980498883380397
-2.98570344768209
-4.45224706426194
-5.09867944478982
-5.68060912227687
-6.07890778837968
-6.46270301249570
-7.00064037867480
-7.31123863594361
-7.42100779007952
-7.52548787798957
-7.73137321242252
-7.80836703380777
-7.88395214308895
-7.95953725237014
-8.25468124813406
-8.55328050345246
-8.89796117656523
-9.17988969124835
-9.34058855408642
-9.36379440665026
-8.94929099089963
-8.02843425691021
-6.21683966366684
-3.77398375486150
-2.00401243870816
-0.287264863400280
2.01517180540507
4.49636721744939
7.28823559805345
10.1380896382980
12.4825983651662
13.6954337455811
14.3946609287202
14.4443140154520
14.4822659484310
14.1695307089984
13.4581342808616
12.5472380624061
11.3598852159014
10.2697919981000
9.60369328850177
8.94241779809198
8.18694011285860
7.26812111643843
6.17632592991119
4.97665009417763
3.44471483036164
2.65917589531458
1.88503756458242
0.284861281902572
-1.55854279068051
-3.14396575240487
-4.78901416875831
-6.02648916268911
-6.66883622494733
-7.26904732454691
-7.90205674819830
-8.42816712908544
-8.77865540430833
-8.97299350057912
-9.09169842068335
-9.11594878964438
-9.13047336642696
-9.12858320653720
-9.11333829125167
-9.11179174819280
-9.14492902779429
-9.22379885284162
-9.28955585045210
-9.35390398297048
-9.40722137551480
-9.26748366725267
-9.12603199118681
-8.21852490799095
-7.25572642820952
-6.28887806983557
-4.77650561050093
-3.18754261408710
0.494848795749854
4.22336265786374
7.86831920151699
10.2691817858846
12.1228801330006
12.5318912599777
12.9337247697711
13.1617775985914
12.8140108167888
12.1389808969298
10.9657166829968
9.86227865749591
9.17009402324184
8.50478637073176
7.31954250139954
6.22905588122996
5.11029617727056
4.25729423643824
3.49907564561866
3.25991510249499
3.02581767282470
2.68214956476847
2.21815142509835
1.37470159068784
0.242983387809643
-0.867826445894858
-1.55053015832620
-2.19805840117190
-3.54381824181061
-4.67867371709214
-5.94477896756774
-6.75794387593420
-7.44437389973475
-7.64682769815824
-7.84435520271134
-8.03396440980562
-8.22090312396181
-8.45886565945152
-8.66947751200521
-8.78423805025762
-8.83398629524201
-8.87079444348480
-8.91259241019117
-8.99616549248804
-9.12037078105756
-9.28312611002471
-9.49249281389406
-9.55234895557791
-9.61053441764569
-9.39751490546838
-8.88093605426622
-8.29685860659518
-5.99000514438165
-2.46134536806318
0.603306105792825
3.32303283414838
5.85100351525444
9.20008364630493
12.0346374227748
13.5094563967279
14.4991382014263
14.6303492654543
14.3633790193556
13.7605350689559
12.8651787783628
11.9678469595032
10.9060998646724
9.92629466580218
9.11271626083224
7.93060914039054
7.05055683545963
6.39218750517571
5.78979456889581
5.22127578241410
4.50644168569352
4.02234836809452
2.86937006727090
1.87294502772886
0.628123909202711
-0.509873285684056
-2.03051861705092
-3.26346114655588
-3.92860995636997
-4.56848083507327
-5.35330190809611
-5.97539042327310
-6.49010274201287
-6.79073816452267
-7.02671099566278
-7.10881214365849
-7.19123917787361
-7.30977611938260
-7.46366196207515
-7.62677201982213
-7.84642652600699
-8.08494819952913
-8.25415121935582