10.8094250164662
10.5568709296721
10.3043168428780
9.53445279805151
8.72970700217504
7.78035361154062
6.58134273790810
5.13405916113148
4.34636075908442
3.55866235703744
1.59814852693251
-0.203789468894406
-2.19880157015011
-3.98580436698649
-5.60287420580243
-6.25766535302744
-6.91245650025244
-8.17209155194966
-9.01679418206040
-9.49562180861782
-9.62759739054224
-9.49453290076463
-9.36814022208884
-9.24174754341308
-8.96998539935257
-8.83177806025491
-8.87427961678547
-9.13534294791150
-9.55499664047714
-9.70210275576338
-9.84822415479289
-9.99772029536717
-10.1744910299330
-10.0305490164413
-9.54114600308197
-8.76082014766257
-7.99354144873526
-7.13537194270142
-6.20335097491843
-4.37377639902117
-2.17429704948919
0.373981674657408
3.15727904311103
4.61777889398633
6.11278207796810
8.58759589877060
10.5019076099130
12.1719987501945
13.1284316513868
13.5544586475405
13.4922798499771
13.4120076648847
12.8202462770516
11.8444045653389
10.6443110785758
9.32507399268449
8.04441119831259
7.21239698622220
6.43073161402981
4.45787271543791
2.34503990927595
0.143546193312617
-2.03808977025685
-4.06126939352887
-4.98096377273491
-5.90420358009897
-7.36934844513631
-8.77409670515788
-9.71805151622144
-10.3616607541792
-10.7846338732223
-10.9147002239496
-11.0447665746770
-11.2826386781732
-11.4591719091626
-11.6171645881562
-11.7509874613319
-11.9084006677258
-11.9656206477474
-12.0228406277691
-12.1392760852650
-12.2273803114499
-12.3114274988269
-12.3642233462973
-12.3150517850867
-12.2075043688985
-12.0999569527104
-11.5020001621445
-10.6196681239815
-9.38861502795456
-7.82203132849958
-5.94648601272709
-4.97879514226599
-4.01110427180488
-0.967561787526067
2.23362642170944
5.43589531320772
9.09968496779563
12.0598388408298
13.0628058227266
14.0657728046234
16.0211091924746
16.9644125793276
17.2584699173311
16.8900059973424
15.9625748115917
15.3028891036588
14.6262230104540
13.1727187487133
11.6781496616135
10.1441141690866
8.50006510141660
6.64164361595649
5.68091724914857
4.72019088234087
2.39100809476505
0.424612295630308
-1.65458898363999
-3.37120064158631
-4.82838317433133
-5.31035592093281
-5.79232866753435
-6.54094475331119
-6.68314376020413
-6.49821199210623
-6.16672708327792
-5.84880578662511
-5.75401003119337
-5.65999795804393
-5.59916018083140
-5.75183942364853
-6.06653029140497
-6.58085644532137
-7.14425227938077
-7.41216603137118
-7.67919066977464
-8.24452658225168
-8.60278068141500
-8.73326151116738
-8.60975036569567
-8.20727553673134
-7.91960054257152
-7.63192554841167
-6.01802309579085
-4.19180120094385
-1.89118040395740
0.490591552728043
3.46738770280840
5.47977064316699
9.05664006505010
11.6140058220245
13.8073554065892
15.5433046339865
16.6738658642574
17.2161127616177
17.1889254708765
17.0379861045086
16.5994732195357
15.5785998313934
14.2272492313205
12.6415781511831
10.9904113124264
10.0970616622188
9.13581309261784
7.59747410011979
5.76007154273833
3.96263659299974
2.76674222960114
1.64420976649991
0.488953089866538
-0.754884676693734
-2.46993725390654
-4.25679196152700
-5.72578782577161
-6.83335585871390
-7.62600518509736
-7.87083354861902
-8.11566191214074
-8.39642852605074
-8.48910678701328
-8.44265348097031
-8.29240901154310
-8.07780821542447
-7.97323670459922
-7.86866519377397
-7.72465375876852
-7.70593891127569
-7.81256837448719
-8.01969124727987
-8.27363327575039
-8.33392197570159
-8.39421067565279
-8.10703787568064
-7.19976829969344
-5.62449349204691
-3.39799155561006
-0.595147514904930
0.943891917495484
2.48179290114458
6.34059647794832
9.93931823276405
13.2394892480451
16.0312661033520
18.0693114670053
18.7600542489612
19.4278318699109
19.9283358788257
19.6721639440059
18.7869919582423
17.4355853776463
15.7320304462819
14.7513999590263
13.7730189318790
11.5902028387700
9.39113801827759
7.30177525541447
5.36676014387001
3.49263406709932
2.67262475776300
1.85261544842659
-0.0849561714339796
-1.71757095677852
-3.19025384264888
-4.40824364493217
-5.37992797128112
-5.69158025599719
-6.00323254071323
-6.51786277555275
-6.70337097787819
-6.73351942249988
-6.69223454697200
-6.63768840912743
-6.62416885560419
-6.61067804080709
-6.63719447956124
-6.75351997013569
-6.96669530588598
-7.28233461643203
-7.68016804373045
-7.84160540325634
-8.00304276278222
-8.19675244098435
-8.00497423305165
-7.43956417737892
-6.48132085642836
-5.11491673009597
-4.40144389589880
-3.68797106170164
-2.59841163882674
-0.292531767934307
3.24082914320032
6.97032604718440
10.6141915502893
12.9275027241336
15.9521067446745
17.4772421758920
18.2686717431888
18.3436023599728
17.7576883869664
16.6445791557482
15.7355199823453
14.6925559065904
13.4022376012345
11.5738612698167
9.72830124021539
7.89519966027929
6.04633978459273
5.03363589324993
3.97723065551232
1.98503059479585
-0.0934318392770373
-2.05689268496765
-3.83691167818987
-5.38527488084131
-6.08147940018854
-6.77639573631760
-7.46554740647890
-7.88774183542078
-7.98024385677670
-7.86424607888890
-7.65346105296516
-7.53673029326825
-7.41591191106138
-7.24480182993091
-7.15153090638236
-7.19121760012479
-7.39402946644628
-7.76292306805003
-7.98112862356663
-8.19933417908322
-8.52974922942552
-8.59207123409893
-8.31124096568848
-7.63584721775843
-6.53073185177664
-5.73578495081657
-4.94083804985649
-2.40352132740422
0.707926791712980
4.24431535472539
7.89091948493475
11.3223318271883
12.6480221449166
13.9737124626450
16.3339900087428
17.6477337964569
18.1933269348627
18.1353972986183
17.5609150910256
17.0610236700646
16.5611322491036
15.1506429402430
13.5202839059713
11.8629740495432
10.1950508658617
8.47052051055316
7.51214435790214
6.54574057272553
4.48567774656802
2.30297630665799
0.121961712842366
-1.94694158447871
-3.77255247461158
-4.47052471962617
-5.16849696464076
-6.42720892697073
-7.26160908253826
-7.85815705769017
-8.24522669003553
-8.42984308891607
-8.42856517270998
-8.42728725650389
-8.29305354481842
-8.11711661110472
-7.98535356324266
-7.97179321861747
-8.12967482793550
-8.27991704215026
-8.43015925636505
-8.89516693365372
-9.26846515070556
-9.44489664447889
-9.34090925329754
-8.94649905271417
-8.64173112803231
-8.33696320335046
-7.33567062899848
-6.06956860044485
-4.40696902114152
-2.28980647167633
0.272567587010653
1.64134712846255
3.01012666991444
6.22085600722182
9.04098302468221
11.4455023933547
13.2867473488204
14.4757583360541
14.6598365230832
14.8439147101123
14.9628198047533
14.8245424509265
14.0952681001299
13.5281099223988
12.9605938187354
11.9460282253896
11.0095584646230
10.1135914735163
8.66038991070367
7.20285007261189
5.76250459370889
4.28513758984155
3.43991345115474
2.50471229767844
0.930807929801953
-0.922839065432016
-2.77722896328281
-4.51591139102052
-6.10729433253848
-6.91647269507683
-7.76897894160984
-8.75973363807617
-9.67615591220005
-10.2257718320503
-10.4393715470630
-10.4109365534247
-10.3142820573186
-10.2010675255589
-9.95893021035578
-9.68379380753183
-9.48139097711298
-9.40126181150018
-9.46457413491899
-9.56104953695615
-9.66542833597786
-9.89856099748826
-10.0966237115452
-10.1436482959905
-9.95114910706323
-9.48191356249201
-9.08717983268407
-8.67286304758078
-7.47399422982238
-5.64882961522715
-3.08736249379545
0.150244418236893
3.96482691781189
5.76903277710175
7.57323863639171
11.3481413978575
14.2730964529454
16.3928186660615
17.6570853377495
18.1367083963135
18.0247871855146
17.7920728087212
17.1141803601324
15.7817077185431
14.3731084416501
12.8806752732899
11.4902196633606
10.8312762742166
10.1766744222447
8.79169483486245
7.27237646481178
5.62657063359771
3.90438111360254
2.17733775104349
1.33650579496529
0.495673838887094
-1.27829604635885
-2.83754698769418
-4.14541970950729
-5.18934659155990
-5.99827049311939
-6.25556896158943
-6.51286743005947
-6.81677785156827
-6.80298651820708
-6.62321539517255
-6.37478724582651
-6.15163787618436
-6.10786181281691
-6.06408574944946
-6.17050399495137
-6.49616221628519
-6.98180081515182
-7.55823826561494
-8.15912980981324
-8.41289384622812
-8.66103112724064
-8.86921485978330
-8.77154599721854
-8.28288147523824
-7.26182379772991
-5.55224993350772
-4.37572761007929
-3.19920528665093
0.0498812978526582
3.53973104021671
6.97960213279304
10.3196860262274
13.2700141890776
14.4018152372847
15.5202459937982
17.4573927574524
18.4485393473044
18.6989804938410
18.2728893512883
17.2831153351659
16.7609760283964
16.2388367216269
15.4979630793635
14.2095238913493
12.4606926346734
10.6949004357881
8.87972149040744
7.48797679218248
4.78375760732698
2.45250674940392
0.0564117365020991
-2.27569319763959
-4.46161793614600
-6.45035767605435
-7.36477922227537
-8.31052285960160
-9.43620667895588
-10.2476156951580
-10.6346624681588
-10.6959722971652
-10.5533754372572
-10.4257792850900
-10.2878305830323
-10.0246961322259
-9.75849910529904
-9.54950018687254
-9.44003772305081
-9.45813097398186
-9.53606994774119
-9.62965779072965
-9.83843749175070
-10.0753995049413
-10.2489027185040
-10.2985880482478
-10.1376792509633
-9.89347980675952
-9.64928036255578
-8.60640281366786
-7.09560308459521
-5.14005352167542
-2.76809883850082
0.0417312272842274
1.54727724399271
3.02353284334074
6.56455371736177
9.59411894819125
12.1866973374816
14.1258960370046
15.4621172083983
15.8167294760253
16.1713417436523
16.4151013670244
16.1424172021796
15.4792792036061
14.5045557206437
13.3090668001623
12.6454865492964
11.9690337674470
10.5334681784092
8.96357353583001
7.34154958879299
5.70039631453436
4.02546162499481
3.15730667155940
2.28915171812395
0.426582440416287
-1.36276399888467
-2.91029922827083
-4.04615094113069
-4.71603726206955
-4.83676050179300
-4.95748374151644
-5.00510902390073
-4.91418271400419
-4.84071200842746
-4.85354321959291
-4.98472184256917
-5.11240498812955
-5.24008813368991
-5.69314130011058
-6.24753529401681
-6.85499932175504
-7.42393456526046
-7.84479578818614
-7.85731292249072
-7.86983005679531
-7.12117207086008
-5.44690908156434
-2.92112745032073
0.294585624762745
3.92927926242460
5.66426737541692
7.39925548840933
11.2285655545914
14.1507532026693
16.3645641035306
17.8547950115087
18.5637765908596
18.5538352765488
18.5438939622379
17.8723695486478
17.2869381272507
16.6947121652838
15.1785217617285
13.4677313183208
12.6206058364937
11.7772978773855
10.7764537233912
9.74262819293876
7.73488409729602
5.66301659696429
3.57961584935901
2.87628504619725
2.17295424303546
1.39613233983306
-0.636692385814689
-2.52932209166375
-4.23862741062350
-5.55539234859572
-6.16909827097121
-6.59321293598679
-6.88164926215649
-7.01034076650772
-6.92567261273674
-6.74808487864929
-6.59832632473731
-6.60418838022781
-6.64290914390414
-6.88927918413458
-7.41904132971147
-8.08812185488018
-8.79060845366720
-9.42976005393561
-9.69004839022810
-9.95222468171914
-10.2672614902706
-10.3629250877698
-10.1766807529744
-9.61556966287005
-8.55439027446485
-7.71618229595159
-6.87797431743837
-4.16925300255395
-0.715116825933106
3.21796014995870
7.28996421834366
11.1760143026923
12.7939398309880
14.4041274268225
16.9554904108899
18.4297344550349
18.9983276371130
18.8964645829769
18.2692379062970
17.6763528273830
17.0001271944964
15.5130301630850
13.5174827979456
11.4256037675259
9.43535144686696
7.63856625401490
6.76983274193952
5.89433922653669
4.04504057842949
2.09317062844279
0.101750168030463
-1.65070145243579
-3.30580856529206
-4.03398251029694
-4.76764683863578
-5.87687770209026
-6.61709207923680
-7.01007234485036
-7.17097810545339
-7.20180516428639
-7.18314672802584
-7.16448829176529
-7.07862096690236
-7.00470921163495
-6.99542214739033
-7.08974862326425
-7.29829122523892
-7.43066375545411
-7.56303628566930
-7.89817601126390
-8.10555443700351
-8.14292608674297
-7.92128989304990
-7.25665723029762
-6.64154572084057
-6.02643421138356
-3.66476121776857
-0.851204323815962
2.34434089296124
5.74608308481924
9.17692581252482
10.6923261540323
12.1975205594314
15.0678662054713
16.7961507556359
17.6945077660830
17.8250621800978
17.3101026536211
16.7762563906759
16.2424101277307
14.7115884468113
13.0016595472649
11.3369755329549
9.79408026669591
8.30895061912283
7.60827691535161
6.90760321158045
4.77086287785467
2.61876199085467
0.376926266786535
-1.73868556090245
-3.66401292718175
-4.21213266622391
-4.76025240526611
-5.30837214430827
-6.61225476401464
-7.48070041413105
-7.99545371464530
-8.26157512014195
-8.32255300924680
-8.30325530149742
-8.17054065571686
-8.00727833705574
-7.88032641986414
-7.85895493531945
-7.99536600231085
-8.14736152980216
-8.31594401880234
-8.66484191203453
-9.00328202101838
-9.20723938619903
-9.22292790234253
-9.04569524753242
-8.80086239132822
-8.53302743345861
-7.51581705167246
-5.80249556330618
-3.50210054845612
-0.802746917659687
2.09320692517776
3.43328987611515
4.77337282705254
7.79219127766230
10.1076279193818
11.9066466644969
13.0797450021372
13.6285541135538
13.6252620449718
13.6148680975423
13.0801765847246
12.1894937703058
11.0790534801969
9.89905386240761
8.72186789905812
8.13570107299025
7.51875891699690
6.46080731985046
5.34151343373660
4.20128692990781
2.99665053916800
1.68350271175586
0.977376295255864
0.239869485186806
-1.20705604934621
-2.74582502557901
-4.26047443717611
-5.69076973777791
-6.96655239437367
-7.49187584688733
-8.01712424597518
-8.80721302429065
-9.25063262520554
-9.40485503293614
-9.35363587172177
-9.21012669933999
-9.15711684798591
-9.10410699663183
-9.08849839412336
-9.22326843207139
-9.46936646579730
-9.77832875158517
-10.0950598217564
-10.2232230919936
-10.3513863622307
-10.6403319279894
-10.8287038916325
-10.8637390158222
-10.5946159572981
-9.83467029160239
-9.11985623829640
-8.40504218499040
-5.82353599300830
-2.78674164999451
0.870099976201841
4.64049401897448
8.26781420823894
9.72204249682453
11.1762707854102
13.7755446709394
15.2434342366757
15.9369942777042
15.9227071316721
15.6484217349584
15.3724849619458
14.9016071486999
14.4307293354540
13.7835968642909
13.1241178394439
11.6617121443956
10.1316484359208
8.61802549197872
7.90457805119675
7.19113061041478
6.28871452610413
5.33695702727736
3.43282732652293
1.41319598220292
-0.640908304488628
-1.55480198134523
-2.46869565820183
-3.47516304471861
-4.50823871037901
-6.06560461745021
-7.30087005388087
-8.15253738244698
-8.30738984054987
-8.46224229865276
-8.61709475675566
-8.68860655694484
-8.74693978911592
-8.57575748893805
-8.26199442185631
-8.04930332945586
-7.88708589845313
-7.76865123563484
-7.75730220356534
-7.86295662345600
-7.96592007489363
-7.88195053427301
-7.68415270445307
-7.48635487463314
-6.83140339947292
-5.99453434328869
-4.84705900584207
-3.11150301772822
-0.785137372717165
0.719088046759790
2.34978868009040
5.27819456767796
8.35164328984284
10.9699319931104
12.9480846172673
14.1870089453853
14.4580129080017
14.7290168706181
14.7269699512935
14.1904855379511
13.2063557864596
11.9083991882687
10.4670694899794
9.71596115081754
8.96485281165553
7.33651477190687
5.65996422878814
3.90240149086901
2.05816944963728
0.161014858386234
-0.753894040225234
-1.66880293883671
-3.70980949529291
-5.52648747676408
-7.15261643581124
-8.52906926686337
-9.62333379876129
-10.0047323685464
-10.3861309383315
-10.9070459639648
-11.1205018619284
-11.1091080253722
-10.9275057441972
-10.6346111514330
-10.4673009705514
-10.2963053039234
-10.0264580735820
-9.84993030038795
-9.78361403984667
-9.83195950808572
-9.98194819937081
-10.0067047372329
-10.0314612750949
-9.58442329995131
-8.38589600160036
-6.51066506927569
-4.11951767748267
-1.39021427455677
-0.0717010459098704
1.24681218273703
4.70970759495670
7.74430582497141
10.4579222971722
12.6206591762811
14.0604051917317
14.4009461196122
14.7414870474927
14.7530260141449
14.2175949256541
13.2957676858980
12.1702371729412
10.9795367224546
10.3586969654844
9.71854357120615
8.43253952281828
7.00029644381211
5.42069909896081
3.68724457606132
1.79802776956202
0.855200214629322
-0.0876273403033689
-2.21838851236864
-4.00916825820239
-5.54884943101527
-6.79108646442310
-7.74017298311221
-8.01013077763594
-8.28008857215968
-8.64748823002165
-8.64967187260058
-8.50929297234590
-8.33363993312773
-8.20375129458716
-8.19221804757392
-8.18068480056069
-8.27310590854511
-8.43762083494345
-8.61404910855296
-8.76002732860396
-8.81871775144822
-8.74608299178222
-8.67344823211622
-8.58459632482603
-7.84593690919405
-6.53323997782899
-4.73372634297913
-2.48497490707873
-0.614677086453261
3.09371570235107
6.03728531697361
8.78938392724165
11.1317347394261
12.8938034676577
13.9952978054604
14.2524905111550
14.2271790647709
13.5653925615856
12.5237609204651
11.2629384190083
9.88513886144637
8.51757771591598
7.86170187249854
7.20582602908111
5.95169101387710
4.78045914918863
3.64206553767385
2.47345759398109
1.21386283248233
0.561781536745670
-0.0902997589909880
-1.59492775928694
-2.99761021783303
-4.31544894613049
-5.55418093182986
-6.72165100354591
-7.24633181256120
-7.77101262157649
-8.67398191545488
-9.32389345468877
-9.73740733397498
-9.93450878655358
-9.96048098699186
-9.92805221933481
-9.89536203296439
-9.83900854793443
-9.85581471778431
-9.96564252153333
-10.1595702195371
-10.4198680306000
-10.5604193855936
-10.7009707405873
-10.9902164650322
-11.1781024463047
-11.1787850976030
-10.9139372045038
-10.3251188221443
-9.84465719109359
-9.36419556004279
-7.76895766447566
-5.73487453812937
-3.29307248166794
-0.497348611221248
2.47447684167193
3.79822826211687
5.12197968256182
8.34506678149148
10.7052330209677
12.4849305632437
13.5727718602253
14.0223407204455
13.9333927254207
13.8444447303960
13.1430819482816
12.6195560733813
12.0896814087005
10.8834793478652
9.62419714184112
8.96788970823754
8.28945460583912
6.92302103132219
5.34003111839263
3.54416882988313
1.58169733949414
-0.437551814300907
-1.40793434711102
-2.37831687992113
-4.29305037798444
-5.96917930944691