16.1158090689394
15.6441518851623
14.6657441762427
13.3846416747565
11.9416953791921
10.7541973669450
9.82917767223882
8.69936764342107
7.50873748745538
6.21392276002969
4.86228773865434
3.32815057388506
1.93942664424992
0.503619928020588
-1.78257812370388
-3.42534569635417
-4.92793921376625
-6.35010872511821
-7.58269523064199
-8.37677537542556
-8.95551991438276
-9.43845757889557
-9.91963166709232
-10.2901932852253
-10.5133502481830
-10.6187121541938
-10.6094744356718
-10.5601654230048
-10.4449243514825
-10.2622750055316
-10.0372927387920
-9.84997203841430
-9.71027437723597
-9.64849381539803
-9.61859350317333
-9.62386597368456
-9.62873420029158
-9.60572270065368
-9.55856095763525
-9.37574053941029
-9.06745472826873
-8.75391135012412
-7.81584034732351
-5.57491299636351
-2.65169014960806
1.37279205029663
6.09746382016372
9.64676483436809
12.1412316706961
15.2190352664011
17.6748373399574
18.9168562571775
19.0827947183594
18.4864381872542
17.7474793990760
17.0638494300129
15.8166217844181
13.9915294575202
12.1256514359384
10.4370580877682
9.05969211107505
8.16144516294700
7.51004563813099
6.44662419807198
4.96883320195757
3.03640123676979
1.02229113682652
-0.996306378232362
-2.41620744855799
-3.42222081275484
-4.36962413623897
-5.37111928361134
-6.20266592456665
-6.70448678832974
-6.98260045954563
-7.11278027114411
-7.18132628539382
-7.27153618436711
-7.42919020543564
-7.70240414358804
-8.03656535450533
-8.35689431088129
-8.54975406000775
-8.63554617513537
-8.62077866667547
-8.51129421052424
-8.29955731036196
-8.05599159047447
-7.81790329363681
-7.61427610040276
-7.42802205152790
-7.04881030253227
-6.36619349739303
-5.29672209229788
-3.90395156384868
-2.01200232683490
-0.254341593437193
1.20562076672532
3.43650900077738
5.40516424124390
7.01984082299461
9.30568539361138
10.9910415961302
11.8861558546450
12.5091844567391
12.9496101182940
13.2344458004928
13.1091394258322
12.5520235283918
11.9776849823655
11.4802857009215
10.9020038940653
10.2545442686285
9.41870460450030
8.53199801103835
7.59936386460821
6.65207613592073
5.49085111437400
4.49204437868688
3.70971162059560
2.40351787860553
0.599991136746338
-1.24301134968503
-2.80212064843628
-4.10272674728555
-4.93530456244558
-5.44843599031776
-6.12461297325124
-6.71182655248613
-7.09911145258091
-7.36814191006074
-7.61392682661353
-7.81236298914001
-7.96701706717760
-8.15489678219902
-8.36941679029281
-8.53992437744130
-8.66589746730320
-8.77470937327413
-8.83314964031655
-8.85631230565915
-8.78345923653080
-8.58684001990848
-8.22068755560009
-7.69188139545163
-6.90583712883679
-6.15228051576933
-5.52327512483602
-4.18684340048794
-1.72032348075368
1.39098453485754
5.13488791055568
9.29136485702283
11.9647293968516
13.7648166725099
15.7351376919140
17.1306661593954
17.5224899464750
17.1231804045371
16.5485464720005
16.0423148940408
15.4869726511221
14.8824804389907
13.8734835359208
12.5650665944510
11.6152542437119
10.9618549150331
9.94341355283130
8.95709548476951
8.17435343075324
7.16327493428270
5.65394045898616
4.26165936286880
3.22762348976601
1.58321553406969
0.203164435063179
-0.598642950293872
-1.40045033565086
-3.95317626544263
-5.00476798889741
-5.68275122256927
-6.10856982733541
-6.38078022985557
-6.63084867582315
-6.88741561645011
-7.13658737742409
-7.35951528914603
-7.55664031609288
-7.70168406363658
-7.79303407386280
-7.86406687931177
-7.92680551151351
-7.97616512157264
-8.00873195744806
-8.01320323396251
-7.97156352262455
-7.85647394623084
-7.68591868423642
-7.34014813536140
-6.55664157707655
-5.07932725326155
-2.83450493881126
0.259917964836737
3.07311582352719
5.58334536492351
8.18527446290410
11.2837927066486
14.5621995813495
16.7529613459210
17.8981900588227
18.1567355332632
18.0985486137680
17.9296144137158
17.5725144562802
16.8421517632679
15.5472987374671
13.9268855228525
12.7151969136421
11.8857668489309
11.0435235957920
10.1829178901373
8.93264231208472
7.81623586319987
6.96507424029038
6.09349771595471
5.20813454935916
3.78333464917837
1.75631769068588
0.125319049076226
-0.923379135514548
-1.61863373529002
-2.25196138176422
-2.83142137925610
-3.50761657078247
-4.12073195219395
-4.64396949002313
-5.05543829465003
-5.41255508603044
-5.66187137492614
-5.84338135766853
-6.51115115806840
-6.90367220634636
-7.19808806330918
-7.32745525322207
-7.32872974937600
-7.25044055747259
-7.14418399902310
-6.81622302319884
-6.14745126584401
-4.99687223858484
-3.28005783140439
-0.848694256416604
1.11282737781317
2.45158466828223
3.86404075977693
6.48007363127542
9.38663353070951
12.2135552132318
13.9525162181208
14.6508894875036
14.8954221766413
14.9941461714913
14.7344786092437
14.2106402382715
13.4879446303965
12.4791108293455
11.6718361556236
11.1249006671858
10.2795090890852
9.06841051303690
8.04348144763885
6.82384572007656
5.24362312387215
4.01182152653389
3.05927756476275
1.44121955621915
-0.538457231470507
-2.45749750567965
-3.96556236390148
-4.79861536812551
-5.27148119068956
-5.59812019414333
-5.79414614713094
-5.99017210011853
-6.25044105777617
-6.44188036643006
-6.52612106010070
-6.61221379113753
-6.66226844592288
-6.69030076456614
-6.74078677917651
-6.80637964644322
-6.95055133417273
-7.12325509566247
-7.20002482899413
-7.22308660310248
-7.15476426837416
-6.96974019580481
-6.61562324850500
-5.68461337157100
-3.80521743796976
-1.91134749166430
-0.240007351453186
2.14738850469001
5.75341182262619
11.1027024158923
14.3006780376439
16.5186049267783
17.5300839151634
17.6764617296744
17.3828998058438
17.0177717135022
16.2991579577012
15.3070288882666
14.1345004024049
12.7735720131129
11.4469074548124
10.5487498632634
9.93221255823187
8.33201677405654
7.61693021799969
6.39996282952609
4.63041650228183
2.74773882389497
1.42491473612898
0.495713271917381
-0.966459818133630
-3.00596887689432
-4.55591736072078
-5.83131564898945
-6.79760237248458
-7.30060288980606
-7.55114330634840
-7.79230653711521
-8.00447876308665
-8.24340281155136
-8.39475347027441
-8.46728056209967
-8.51158430215335
-8.53905495756166
-8.52943886230696
-8.47343098071093
-8.44580066012559
-8.44940233826476
-8.51586950357642
-8.60021193967241
-8.66255326183436
-8.70188622883439
-8.62195669706919
-8.49018569493122
-8.00252996398462
-6.73651629164130
-5.32516376091634
-4.12937876534076
-2.61681750980681
-0.452889910446769
2.72734817589621
6.78069209021486
10.1476418244661
11.9070099708746
12.8416115346264
13.9302177856476
14.6748815686807
14.7483524603264
14.4504997096588
13.8254764008624
13.2056892837433
12.7062314931393
11.7839278876054
10.3332612292045
9.00270193035056
7.72457539115555
6.44131473891414
5.59382503814015
4.99407984333025
3.81856500839296
1.73759777404955
-0.262809957584744
-2.18329396970850
-4.07383212131499
-5.19788107735259
-5.77456872664840
-6.35125637594416
-7.16014724588037
-7.89742679225119
-8.46331085674343
-8.73289584290246
-8.80512900318183
-8.81159436674261
-8.80520112093789
-8.80354845878390
-8.81846050807371
-8.84797393674964
-8.88462111212249
-8.92882512295848
-8.95757746509168
-8.97317786855490
-8.98877827201811
-8.95676917456580
-8.77633752695313
-8.57321789447789
-7.96540091180472
-7.08853380366548
-6.26268688173897
-4.48832061649544
-1.41298459857370
1.15739141042344
3.02154153326189
5.75970185777407
8.19840080155941
9.93431995379894
11.6772801340896
13.0915588861191
13.7492476291141
13.7433068633827
13.2818502301609
12.6865444420424
11.9612639150017
10.9021365518738
10.0986630447815
9.40347343224480
8.83610443370188
8.37329510212125
8.05112899492303
7.69969482968963
7.05607607716354
6.32106506253720
5.24359383584910
3.91727294892221
2.33833143005176
1.14897288942390
0.375239421790183
-0.925833427918920
-2.67383625168018
-3.95495591302186
-5.02944064250235
-5.78708288190953
-6.16588694857829
-6.35771528719936
-6.54747816267417
-6.67352823223615
-6.73069868594090
-6.75455066183615
-6.77845953484868
-6.80659839329600
-6.83324918092190
-6.90015863836191
-7.05550755846103
-7.27329090938146
-7.56796618268516
-7.88075045492036
-8.07999066901765
-8.19523536042016
-8.29145339574301
-8.32960466704970
-8.18909416050196
-7.85608464776307
-7.50168150696321
-7.02788167557539
-6.47431808341943
-5.72751934958100
-4.33852496761742
-2.78089032638962
-1.11166952491091
1.81479256843392
4.57516543328393
6.46632921994681
9.09810937331499
11.5448185372682
12.9375073322355
13.4757335313268
13.4406253444962
13.1935698027435
12.9477257347987
12.4108803147511
11.4036065576909
10.2624126407323
9.05068118175603
7.92334487466423
7.21452866535079
6.78435192757259
6.13029406087870
4.49756947298172
2.95637792338636
1.24119417538144
-0.558353486290198
-1.78585877277006
-2.56757832148744
-3.66666337882651
-4.94406478652910
-5.89103379102039
-6.59704412052044
-7.07383043644018
-7.30766142793235
-7.42325228699415
-7.56989846138505
-7.71041370992716
-7.81993371621016
-7.93301939579169
-8.06576833163971
-8.15628415220604
-8.21056303155929
-8.26484191091253
-8.42705535482913
-8.69877060737146
-8.94026878180224
-8.98596854638005
-8.77581696489277
-8.21592988207135
-6.87978817765265
-5.31741528117728
-3.21127449573938
-0.533182347972794
1.75488161335385
3.59130546773020
5.71912432514026
8.09707392386466
10.4276553911322
12.5285926066045
14.0014500847017
14.4756480274895
14.1926360487381
13.5687873685550
12.7038744827104
11.3769599073073
10.1546068896554
8.83740160899992
7.43995130741696
6.11561930248871
5.29541878172166
4.81572993952298
4.12973178494393
3.25140649342955
2.48766803294889
1.59537090126035
0.441595358758866
-0.514920503189904
-1.20283629813405
-2.34704260652435
-3.97491869802086
-5.38489725552104
-6.63230855109622
-7.65142257457254
-8.27910948328117
-8.68756532936188
-9.19216961276950
-9.65664327512848
-10.0020862840012
-10.2072733091885
-10.3289503766805
-10.3847471607409
-10.4113759281577
-10.4288285562727
-10.4099448259738
-10.3651674663125
-10.3427053502740
-10.3803197661037
-10.4256651247218
-10.4546872853461
-10.4652012250465
-10.4249301587003
-10.2421607944146
-9.80005549860526
-8.99184531418585
-8.05779469648941
-7.19891322593105
-5.15675487567887
-1.22442272760889
3.31411138682335
6.48581573712566
8.54967085934915
10.1792480309543
11.4343918857321
12.9907386373038
14.5516910042420
14.8000963279388
14.4245766245835
13.6476175356991
12.9488122433722
12.4255522126602
11.5785160088475
10.4627711969574
9.72235162784315
9.25035043004616
8.56138183823903
7.90930620704475
7.41244743612303
6.39853719938213
4.72775250363076
2.80348431016057
0.788277385167078
-1.20921502219012
-2.49655028010987
-3.27438580422110
-4.39305818902926
-5.74908723035866
-6.65191915467670
-7.28680913893779
-7.66555503684745
-7.82517536131220
-7.89161066620223
-7.97694132995710
-8.06605526988644
-8.12764845366559
-8.16391858743482
-8.19114708652778
-8.22150640283335
-8.25265476559700
-8.33121009598358
-8.48437090090817
-8.71090665126408
-8.99399976310104
-9.23358125669273
-9.25020050486941
-9.11745223715857
-8.98470396944773
-7.96758645371519
-5.32835545877004
-1.40827212513802
3.38524328417903
7.50491003959299
10.6139700509237
12.8308995778451
15.3127160761307
17.1409827279047
17.8952821063997
17.7869420109903
17.2901327026042
16.7066799486382
15.8335773291587
14.6988828689403
13.2528775293986
11.8071478752067
10.8176297830469
10.1557238655163
9.49262584154254
8.82851150155333
7.28400815255517
6.61395820802882
5.88784543142466
5.11314207626211
3.69567597272580
2.32656298859751
1.35621607581947
-0.131305448713902
-1.43923687623404
-2.27534743442354
-3.43473659599227
-4.58290542857279
-5.20152278384389
-5.52467954834751
-5.96331154475519
-6.69717734363821
-7.12586265169060
-7.45371839055605
-7.69703470680410
-7.83041296954180
-7.90677800584862
-8.03693112712937
-8.24622090082003
-8.47036868482599
-8.68117722311051
-8.78772103464458
-8.76965345611967
-8.69735889887226
-8.46236271572306
-8.04362564715243
-7.45056932475325
-6.71165524955050
-5.70899477431458
-4.68311625282825
-3.77427654408087
-1.86901040634259
1.29783821457035
5.01995652388138
8.68058840457655
11.5607117011472
13.0972774907011
13.9285579810939
14.4702097248343
14.6055609523832
14.2834766114793
13.6686791645650
12.8691803220137
12.2694867162043
11.8743383718713
11.2464903141202
10.2850726893351
9.64716668576863
9.08408241550577
8.49947833851981
7.97066341226622
7.50194566807341
6.49227260582734
4.82626256866340
2.83249192369493
0.729759784686124
-1.35908352066355
-2.71500058992690
-3.54541866799120
-4.63964380424044
-5.79622170314901
-6.54893062485927
-6.89835292098366
-7.05553092358406
-7.15629950414455
-7.20899626570047
-7.24481789954274
-7.25153070003209
-7.26548129447159
-7.29012384489407
-7.37307850233917
-7.48001605652572
-7.56982741747026
-7.74012690151846
-8.01109860334648
-8.17952357140892
-8.18389111963713
-7.93469958033947
-7.56781102307863
-7.18639848081487
-6.80498593855111
-5.89350169217531
-4.61427122289272
-1.87366620376845
1.03671120529067
3.23773650513969
5.91018262511122
9.30842818132132
12.3556022325178
13.8112791023676
14.4960022434933
14.6314606176824
14.4506688012195
14.1472543546197
13.8439574147202
13.1666804294171
12.0604073793434
10.7989658507014
9.53555414122436
8.36588396910706
7.49037242924780
6.79161006343731
5.63523094354212
4.06977170643991
2.10254522523202
0.155121055445349
-1.67879134895744
-2.91690682551036
-3.74368162631088
-4.69512153197333
-5.62506418288056
-6.33362437173402
-6.84674539811039
-7.17500815299267
-7.33716765313571
-7.42529036108721
-7.49534496470714
-7.56660119980284
-7.67711664742960
-7.85378560861365
-8.10210623071709
-8.31926666757730
-8.48838942478300
-8.72114581527121
-9.03767548084987
-9.38300494971095
-9.68653494558286
-9.81564430572795
-9.84634808380369
-9.69355532279058
-9.42080856491659
-8.84124587220586
-7.67659232701615
-5.19076722651365
-0.985643901848933
3.71169177853288
6.94276240659267
9.05984935328789
11.7501694941288
14.0849053121963
15.4070128740598
15.8419417030471
15.6033026868215
15.2124816364850
14.8494470153736
14.1204357321910
12.7567782561115
11.5350345737450
10.3090028835512
9.18060976721224
8.43208140598571
7.92751794405881
7.12217943620337
6.06410876849752
4.79123754688850
3.29582493796643
1.53023201348693
0.176277036607872
-0.770956639563397
-2.17470530007963
-3.90004789198165
-5.33126763847468
-6.49048180304480
-7.33441762064210
-7.77680388321195
-8.01267690486125
-8.29416012870599
-8.51957013807888
-8.62550265780570
-8.64215079707132
-8.59778134026098
-8.54356273190759
-8.49954775171940
-8.42006907413730
-8.30339472189262
-8.22456809610474
-8.22080674223521
-8.31659605406273
-8.39825298901284
-8.43597937177013
-8.33167257511732
-7.67532711921670
-6.90934593221871
-6.19354832268151
-4.67626215316190
-2.96358874134619
-1.57548680318154
0.925832071775156
4.57946087917271
8.16867915501694
11.3798192693993
13.8343766244459
14.9962826570270
15.4278835027499
15.8594843484728
16.2432823008488
16.2203166831771
15.6582719429845
14.7455472808943
13.7465703395091
12.4911907808199
10.7663237703395
9.34910738267803
8.10951765023611
7.04930828205038
6.20216369243311
5.64690835456564
5.23577585213291
4.66443489278390
3.87437932535539
2.73741022064255
1.38929583330909
-0.143490993680596
-1.38722889871587
-2.34453409939961
-3.36051092159075
-4.57165975414238
-5.72827854566635
-6.68388987160162
-7.40019104169971
-7.79861128374984
-8.03275316553851
-8.27005195373230
-8.44454692835738
-8.53702888672154
-8.57236506124978
-8.59453617647682
-8.61776656064912
-8.64009623235727
-8.68768515974644
-8.77619043353560
-8.92180079099880
-9.13311602017082
-9.39340418091531
-9.58026112966337
-9.69529830716253
-9.75443768807764
-9.55011396396186
-9.09985854708488
-8.57119683935208
-7.19540477887702
-5.61726584444766
-4.37949214420422
-2.89520976899975
-0.778303847069467
2.21176686882128
5.94429616943265
9.28757803606418
11.2803714334856
12.4377843861853
13.7457662472059
14.4890319826065
14.4069560085388
13.8344245613412
12.9658555024888
12.2138154492506
11.6233023519314
10.7463837643853
9.59355766940202
8.38980643802310
7.25539958472360
6.24065263945783
5.54163455210539
5.04219654585793
4.15108635034660
2.87163274804012
1.36446985801980
-0.183802092491767
-1.70541797530738
-2.65702124687787
-3.20475214975103
-4.00913734885253
-5.27602796988854
-6.09281775992779
-6.75772150352316
-7.23890600915767
-7.47680253619854
-7.58732747045364
-7.69840694884477
-7.74757412933112
-7.74894268286031
-7.77180210652079
-7.84845758407512
-7.93127012724477
-7.99757037878934
-8.12491453355578
-8.32890971661074
-8.42174797994539
-8.29639745633688
-7.86616701061093
-7.36411027989626
-6.89713061310244
-6.28090779524589
-5.36722608995260
-3.59084516504042
-0.762058940533110
2.88628507613497
5.45653892877951
6.88028953007466
8.30404013136986
10.4195106133582
11.9393222726017
12.7783012648215
13.3406471972393
13.2820403744927
12.5377375747057
10.8775242054220
9.74615692761194
8.91359002882630
7.61076276786192
5.94034814201659
4.69401506633038
3.63449363890378
2.72411113876022
2.38422441510878
2.28481592094364
2.25129943834364
2.13393808379086
1.90110747968487
1.47692591319810
0.511995150668864
-0.511666231584093
-1.78930062748056
-3.17913976318948
-4.18693470727746
-4.89991972941287
-5.62557767700348
-6.36212270184414
-7.33476257314591
-8.06454056971021
-8.57519311851620
-9.25530931159407
-9.79949847620358
-10.1306872046807
-10.4263245640998
-10.6914940371302
-11.0062427786193
-11.2946449600681
-11.4329714172178
-11.4717846754142
-11.3092824432452
-10.9294933624484
-10.5204355328700
-9.51172166195907
-7.23275579857917
-4.53021563963264
-1.33297686411374
1.94778704775259
4.05988933608760
5.31910152598392
6.54411496283550
7.68192582846921
8.83458641207329
9.46149294475275
9.35232796738702
8.90724236300951
8.45497073221927
7.66238782026385
6.55758741556369