20.8140776872244
20.2497430555397
19.5782102940633
17.7885253393936
15.8394981014315
13.4372604677054
10.7818565992232
8.07830854055767
5.59446965088857
4.31853140186701
1.74207056243248
0.116898563684139
-1.41743157768888
-2.72902737519152
-3.76676492462347
-4.52076454468174
-4.87331025674185
-5.47698693313930
-5.83685012935608
-6.16561126050693
-6.48039425891683
-6.79357696047525
-7.11335537517806
-7.29129585349040
-7.67260421214471
-7.86668760027279
-8.01857578220580
-8.16436865473053
-8.35392726774005
-8.61826875034037
-8.84606519273364
-9.40597769939207
-9.84984589024124
-10.2976719227167
-10.6591475368500
-10.8622278777591
-10.8472394030194
-10.6692685770864
-9.96161511296594
-8.97929324216603
-7.44480782708955
-5.25403632046406
-2.31717754302277
1.11896998869043
3.33623374066428
8.63631308045495
12.1015445397926
15.3466553068617
18.0884930769423
20.2463316289047
21.7946296645907
22.2908369050551
22.9607479762429
22.6110032523219
21.6263439971202
20.0541541532373
17.9816153338984
15.5594564946480
14.2063792716601
10.5605988629941
8.48497384287454
6.61651826312768
4.79954662059645
2.95753364000402
1.05135501627080
0.0162826907230553
-2.37000531417523
-3.45408191098663
-4.21134305153776
-4.76954529723402
-5.26202624131192
-5.76047578272649
-6.02178462188965
-6.29340895107513
-6.74414305912159
-7.10759663187686
-7.21534637204513
-7.32305245921757
-7.39111765771215
-7.34400852476648
-7.27091048901328
-7.07020179504418
-6.75316083095908
-6.47251677892450
-6.31496975796623
-6.31394445205277
-6.38690715401325
-6.46701209496715
-6.67135158017415
-6.78750161437541
-6.57788072831279
-5.87562846778603
-4.52472183504958
-3.52941315426783
-2.53410447348625
0.106997831670578
2.90473645064146
5.76217225063852
8.49264898798152
11.0619974756093
12.2719083056370
13.5206220440028
15.4764995205475
17.1082334365711
18.2546685587787
18.8954347177462
19.0592342523726
18.8950319037504
18.7293863114740
17.8474917662615
16.4261441928285
14.6263013619763
12.5344007033722
10.4230606462022
9.34172265857662
8.19951243799537
6.12998885043786
3.79769746998861
1.46628484292630
-0.801128738313172
-2.92147895952732
-3.78051612921551
-4.63955329890385
-6.24855367413170
-7.27386991362401
-7.88180904096998
-8.13402987029708
-8.12670711899023
-8.04700687891793
-7.96719476578728
-7.69650691568418
-7.40401930722157
-7.10252166362554
-6.80764719056183
-6.54242030334584
-6.44664037527125
-6.35201231219901
-6.29336395793415
-6.35884430675508
-6.51093294667139
-6.72781260537120
-6.95304560394419
-6.96597330552791
-6.97830488313293
-6.52460824047977
-5.43342276860041
-3.68659848387604
-1.31297586958853
1.47173883673941
2.44380058297650
3.41586232921349
4.38792407545058
7.82005488137053
11.0818350400237
13.9981191913474
16.4453476586077
17.7193686990846
18.7784245972183
19.6261329805540
20.2219581100357
20.1796049305466
19.5726420612308
18.3723782783598
17.4804292239734
16.4914621275585
14.6786184059702
12.6277387071869
10.6321827468746
8.76970561457316
6.94317809732099
5.99846655476435
5.04903384749126
3.12135927189023
1.31231934656432
-0.232389077318513
-1.45774728150729
-2.37824592427380
-2.72732698675036
-3.07579730404966
-3.58698505778019
-3.98414349310756
-4.30691595498101
-4.58480977139446
-4.79759734404611
-4.86050629719901
-4.92341525035191
-4.95715931616524
-4.92205807309115
-4.87725200372016
-4.90116249321118
-5.05010154996976
-5.16827268224751
-5.28644381452527
-5.60647346611895
-5.80331848883690
-5.77800406749295
-5.44557854940222
-4.77904967057761
-4.26528344140872
-3.75151721223988
-1.80959869197288
0.852942424436524
4.23815244649761
8.03745903555815
12.0777715998642
13.8804308384343
15.6830900770043
19.5144295886051
22.1390051992336
23.8823541469153
24.8066733441642
24.9841618438906
24.7328300180490
24.4797327907266
23.1282770508634
21.1139215578322
18.6411628357056
15.9345597640517
13.2237292784044
12.0052763872539
10.7868234961036
7.91773433388974
5.40021688085320
3.02211948995845
0.785798953247709
-1.14654127152825
-1.82860189842687
-2.51066252532554
-3.53178991105647
-3.93017242812714
-4.03068536066141
-3.99973855441684
-3.95415010826425
-3.94567119247501
-3.93719227668576
-3.89654400703559
-3.79904916116217
-3.64914695767183
-3.47845755653885
-3.30733846715346
-3.25428465432585
-3.20123084149824
-3.17228876704301
-3.32478525300715
-3.56901968476282
-3.69145990796884
-3.45418728357878
-3.04008118735264
-2.62537180615333
-0.819144878764842
1.79934631069947
4.99314787246278
8.68654638475477
12.6014752207201
14.3240310076199
16.0465867945195
19.6625094817856
22.0199935097610
23.4198924094571
23.8819518984372
23.4964309677771
23.0932437418587
22.6900565159404
20.7279406472607
18.7608340605664
16.6227711948065
14.3958471053169
12.3504979600569
10.8803490408731
8.05475338665380
5.63530257819354
3.06522946844721
0.483556770393031
-1.88616772840842
-3.90278286531555
-4.77082052455141
-5.64538061170747
-6.54444270944843
-7.10380830083669
-7.20482448865680
-6.96141509779251
-6.51028677804654
-6.23531789008024
-5.96034900211391
-5.66778313448726
-5.37310290232758
-4.77062956301800
-4.14603426178989
-3.54790335563704
-3.30693647138782
-3.06596958713860
-2.76684043970390
-2.69319989842587
-2.84022182493464
-3.13641697027304
-3.36147628928355
-3.25505789262801
-3.14690680184154
-2.64711198576839
-1.97948042037068
0.114720025109024
2.96237722584505
6.43590740218628
8.02888273780595
9.62185807342562
11.4954266331283
13.4892257562610
16.2618065315789
18.3125303318907
19.5937189083627
19.8437834244542
20.0786258099852
19.8010220485620
18.8625023765841
17.4029424838357
15.5908453464892
13.6424099474878
12.7091819675246
11.7759539875615
9.65483533300713
7.53527411185075
5.31878371651359
3.01135604242453
0.727442762243321
-0.200294286663257
-1.12803133556988
-2.09955609058245
-3.08820463717506
-4.37809547557711
-5.33136704422603
-6.03523112562346
-6.24544204650496
-6.45565296738644
-6.60014576340214
-6.71868572553349
-6.64588064393809
-6.37040091951019
-5.98821336307290
-5.84754471703071
-5.70719045427032
-5.59413031506420
-5.50278686852625
-5.61087724755896
-5.92062348288593
-6.36964437285805
-6.56645216668044
-6.76325996050286
-6.96480090707885
-6.71194919892711
-5.96887088908134
-4.62307391144236
-2.57625868658114
-1.25439803405527
0.0639660530091062
3.90808243845870
7.80527361552953
11.5790066463057
14.9262611790915
17.5064339974541
18.3695581205066
19.2326822435591
20.1277322010931
20.2257384543522
19.6873064116197
18.6665979634115
17.3060599197967
16.6907005184882
16.0753411171797
15.1969606965399
13.6662462241496
11.5799320968201
9.49407525272020
7.41438790796922
5.87111182583377
2.99937903795398
0.621074190783985
-1.68676549145786
-3.80983015270765
-5.41141275265639
-6.64456643233146
-7.07902732001505
-7.51595632742589
-8.08557180356007
-8.46429520727114
-8.72380573227258
-8.92014181514612
-9.06773226452521
-9.09920313149579
-9.12875534019328
-9.04650598839453
-8.82071000167033
-8.51019864461846
-8.17134675175940
-7.86056862340982
-7.74906503643961
-7.63756144946941
-7.57919407871622
-7.69655970837271
-7.84288292230691
-7.74200516809443
-7.13183317421953
-6.53161185004029
-5.93139052586114
-3.71828689950506
-0.999094085108379
2.16785079279476
5.42244964989993
8.61226915336935
9.94075636799089
11.2692435826124
13.8493162273757
15.6337035269178
16.9013546260893
17.7198045285214
18.1558851178883
18.1637870302969
18.1695890182156
17.6614684266591
16.6272589613123
15.1696466955138
13.3970346953861
11.5219675290444
10.5793189493951
9.63947604252428
7.71938202688534
5.79301770468444
3.82559778010418
1.74624726557451
-0.372381878573922
-1.32288550191335
-2.27338912525285
-4.42333691580727
-6.09827925411394
-7.44627374516597
-8.48241243116097
-9.23357026656178
-9.44069926332320
-9.64782826008461
-9.96729251898086
-10.0736675638648
-10.1004618112570
-10.0884810978075
-10.0348535754905
-9.98183768154904
-9.92882313868299
-9.68834018057957
-9.39610423650666
-9.06832356432231
-8.74529296778841
-8.44220734203465
-8.31113575054351
-8.18006415905236
-7.89832067659885
-7.69809179900032
-7.57314551566065
-7.46374587637590
-7.21344803985316
-6.83682416998284
-6.45990908043057
-4.64794241578555
-1.81315533788359
1.78731364252783
5.84224080269603
9.87129599458839
11.5333274454996
13.1953588964107
16.6473728453498
18.9382744970082
20.4795191359143
21.3978092598689
21.7557003187545
21.6221041658810
21.4774665153774
20.4769169875899
18.7533245198986
16.4720810616129
13.8165642098440
10.9878724573427
9.96094837687383
8.93402429640497
5.60442668163187
3.30440923334490
1.12582843034119
-0.919147884189428
-2.87657271486055
-4.03986135093906
-6.27875205423852
-7.46322327773131
-8.23078006842364
-8.63969465868072
-8.71955508468992
-8.79935663905429
-8.82034542023958
-8.84181884501072
-8.87520260281636
-8.95791490444496
-9.09215217778109
-9.25330223453242
-9.40579628167922
-9.45360344965325
-9.50141061762727
-9.50079149655771
-9.37661103261422
-9.13274825270085
-8.82088308101141
-8.55348079603369
-8.43392275357633
-8.31436471111896
-7.77064746534476
-6.59676311953017
-4.62574005615098
-1.96974061390285
1.17908631033309
2.70277767871754
4.22646904710216
6.00235224510973
7.83735311802837
10.9132911692163
13.4481707972203
15.3397955398082
15.9627672036202
16.5857388674322
17.4210775020829
17.7626473146853
17.6033716879866
16.9140948744786
15.7432904323209
15.0034506663314
14.2647343294154
13.2327605754717
12.1192674647903
9.97867862630069
7.79069662447184
5.58116714673089
4.53183719297341
3.48250723921599
0.899895691397585
-1.48704452815743
-3.65389986585509
-5.50467587979738
-6.97980223627709
-7.50707916321947
-8.03435609016184
-8.84285337103030
-9.30764125192703
-9.55349997969497
-9.65504248347314
-9.67655158799906
-9.65279895881734
-9.62890660653180
-9.55250510276663
-9.45047413220780
-9.16918466920675
-8.84252632700217
-8.53692255180029
-8.45355017583696
-8.37017779987363
-8.40317547194686
-8.62026231096366
-8.82572077378345
-8.84660321633706
-8.57041885010512
-8.20422872662924
-7.83803860315336
-6.03219949639006
-3.20652145412135
0.508088540938681
4.77931541629919
9.04605349727592
10.7936946827034
12.5413358681308
15.5909738028336
17.4922964365308
18.7094132849634
19.3951441538194
19.5625607268380
19.3612047434287
19.1598487600193
18.1297422997029
16.5471200345346
14.5211446863996
12.2702072603328
9.88753617703893
8.82014930581780
7.75276243459655
5.30656055882643
3.20860055582804
1.22234201257146
-0.642360120679743
-2.42716364740351
-3.01120050052660
-3.59523735364968
-4.29021357002010
-5.34175626029207
-6.31524150084781
-7.08346699205045
-7.71854280516164
-8.08270172768328
-8.69907790506788
-9.05671272370879
-9.31853213408138
-9.44271075898215
-9.38574665717230
-9.14174108368388
-8.92130018167836
-8.68222446318616
-8.40142703502543
-8.16897911636725
-8.13473698310603
-8.31080108021361
-8.67389822725344
-8.86711615562163
-9.02584875391629
-8.97143957462590
-8.07733822679424
-6.07560722253966
-2.92748107818757
1.15633588243565
3.30820804758704
5.46008021273823
9.76166165201305
13.1189194599309
15.5509649053275
17.0923678782325
18.0258296346279
18.3111432918887
18.5962777621197
18.8686922356891
18.8234389756155
18.3964778922786
17.5280118016216
16.2204109542852
15.3985231670475
14.5776575237382
12.4970271834289
10.4946615193605
8.57597492289754
6.68259251244549
4.78129379850015
3.87613500340554
2.97097620831093
0.694181782750880
-1.36806985730153
-3.16682810042782
-4.56859660587991
-5.50872185323364
-5.76232392289227
-6.01592599255093
-6.41374191195442
-6.66400714914128
-6.86579853115093
-7.01699398421703
-7.08968159051699
-7.07259782067028
-7.05524456587546
-6.91025517836645
-6.71561809228053
-6.50556803606532
-6.29631985832923
-6.08391898667330
-6.00822689045190
-5.93253479423050
-5.87802074807898
-6.02609233637117
-6.27696497299398
-6.44326218476551
-6.27069019151961
-5.85833606432804
-5.44569385287457
-3.50174881089362
-0.755529872259298
2.55971479384325
6.18505662070620
9.78676257346804
11.3899211011311
12.9930796287943
16.0474542086781
18.3333941894799
19.9792889445318
21.0271237203252
21.4600528408457
21.3432143794923
21.2263759181389
20.2415306457083
18.6397322155005
16.5643761908426
14.1947107585915
11.6877325937984
10.5783489716320
9.46896534946575
6.96122805524559
4.77529642203106
2.61999061377470
0.528136493811693
-1.39118373359992
-2.25266361602499
-3.10107845268274
-3.86433683355240
-4.62082292103126
-5.67920914728383
-6.31185641079767
-6.59870019022125
-6.61376051622793
-6.62816891054605
-6.61417844886591
-6.53015561479793
-6.34001120874451
-6.09578390887352
-5.81753931922740
-5.63370508915191
-5.47098569666705
-5.32986108987740
-5.22943210040201
-5.25436265319529
-5.42517570476062
-5.75133089355616
-6.00434821531186
-6.27976177370771
-6.68486814153993
-6.77114564250485
-6.01786238653872
-4.18866773287971
-1.12020558732876
0.677888098575616
2.47598178447998
4.70088021513042
7.02333057682890
11.0749406005089
14.6864564401346
17.7153897009235
18.8993210754126
20.0904220153015
21.3386876885072
21.8410967629891
21.5735259511079
20.6244628488276
19.1156580402193
18.0791768390577
16.9685330309840
14.6749463118481
12.1031412035123
9.68641546586308
7.54504923119777
5.60679788410479
4.70920999608752
3.81162210807026
1.79249462641942
0.0248021638462879
-1.41229845454235
-2.45304611311018
-3.18058506348792
-3.42795610651927
-3.67532714955061
-4.18223200799812
-4.62023966707984
-5.05007806655327
-5.47382051515061
-5.86624396206332
-6.00183024116795
-6.13741652027260
-6.31439630917906
-6.40710763390905
-6.52532031859988
-6.74994052317584
-7.10779280819422
-7.34128826401937
-7.57478371984452
-8.17416251208356
-8.57941006060517
-8.51266611609020
-7.73075251846209
-6.12385842870289
-5.08733126588772
-4.05160500990897
-0.667226081463984
2.82313344745036
6.45608668066025
9.89309434526058
12.8345466835184
14.0173811927015
15.2175650746502
16.8743785869013
18.0502298080408
18.7413959776609
18.9396019392056
18.6382679942023
18.2130712944900
17.7438085869577
16.4202669558179
14.5801614017987
12.4545995490443
10.2431589915328
8.07955237194986
7.07291175275230
6.06627113355474
4.02158114902402
2.01805875827370
-0.0323753749327124
-2.05989651112377
-3.94470645513775
-4.68736978004923
-5.43003310496070
-6.74975488721867
-7.58437030040836
-8.15897258876951
-8.57985011786093
-8.91003080094597
-9.00324583359554
-9.09627114194538
-9.19844507449418
-9.34107530636738
-9.37809585315790
-9.26844350375626
-9.03226670667694
-8.80505735431436
-8.39086425873744
-8.12770444002300
-7.97438348577557
-7.95760955536755
-8.09290656767752
-8.38746136055985
-8.55498432558827
-8.66879710088924
-8.54772389903594
-7.43965576115521
-5.10882041686691
-1.68459219069774
2.30103028416428
4.20289375607382
6.10475722798297
9.85352852577128
12.6260700151237
14.6565058986855
16.0390743908626
16.9828741583278
17.2787175562115
17.5580684491573
17.6316001161292
17.1993875289478
16.3600090965136
15.2221486415661
13.8850665213725
13.1554021394978
12.4284222072498
10.6334968716225
8.79090281943286
6.95579344141993
5.41534046456214
4.07743395813155
3.47797125208802
2.87850854604450
1.39501804743201
-0.256596615482954
-1.98125545198376
-3.67540426002537
-5.22787689704974
-5.83962016550563
-6.45136343396153
-7.60837388818666
-8.39989967794021
-8.94747880580601
-9.28799232508538
-9.48969606590180
-9.54142234933237
-9.59314863276295
-9.65936984207735
-9.66542541943541
-9.62686482953514
-9.55645578546525
-9.46777665166145
-9.43418683703111
-9.40059702240076
-9.41823386623569
-9.57436765734437
-9.86299919179967
-10.2278006117005
-10.5683952231413
-10.6186862736074
-10.6687448952816
-10.1614004543581
-8.65450138852466
-6.02892812775141
-2.42446052085557
1.62962346474927
3.37424726831647
5.11887107188371
9.12499844535780
11.8625363385594
13.8592205331705
15.2002735367479
16.0887856214268
16.3711811537782
16.6535766861295
16.8577177919838
16.6465768066735
16.0586203491714
15.1165702098905
13.8394908093078
13.0885316994671
12.3375725896264
10.3277171397203
8.40958592982628
6.60802553174198
4.91667729581481
4.08000542906797
3.24360858828273
2.47401622435290
1.70442386042304
0.780513373552543
-0.188701242537510
-1.89086644605314
-3.43639572169988
-4.77115905482929
-5.22925539232260
-5.68735172981592
-6.11757962084167
-6.54073273768263
-7.12719792801379
-7.62773075442520
-8.07981983610714
-8.23569209584782
-8.39156435558850
-8.58084507583679
-8.82452999891187
-9.04983995199115
-9.12844833919352
-9.04863053333676
-8.90773803935512
-8.75130569276902
-8.57894963813858
-8.36226591791278
-8.17293671219896
-7.73930210902210
-6.67989371957114
-5.65898693048481
-4.63808014139843
-1.35839224006595
2.74503271899869
6.97105100946237
10.7677712237502
13.8219805525598
14.9628000699889
16.1075399420568
17.5911569838422
18.3874778153980
18.5673516038141
18.1919405469885
17.2791199019525
16.6296849012024
15.9802499004523
13.9137047763772
11.6267615371579
9.12439620385639
6.67480353592779
4.35583504364198
3.29135806505097
2.22688108646002
0.232807456237639
-1.50316984985663
-3.02506865079461
-4.40652664198109
-5.63302282536239
-6.20635208165229
-6.77856906329921
-7.98951757031211
-9.05301666009597
-9.94735761018804
-10.6779084842337
-11.2437704103866
-11.4585440537713
-11.6733176971559
-12.1274899438104
-12.5324453076531
-12.8958648982428
-13.2062790342598
-13.4626029638041
-13.5431059065661
-13.6236088493281
-13.7424020360529
-13.7952915299045
-13.8304090338741
-13.7856322941410
-13.4573128860577
-13.0164021709539
-12.5754914558501
-10.5298132286843
-7.79889762368760
-4.63607100753927
-1.47067858061112
1.46986554279910
2.67737209847573
3.88487865415231
6.31994734451585
8.14478399592841
9.58326958675609
10.6508742476274
11.3429257831896
11.5116718019177
11.6770470926791
11.6384209091887