15.5073584051870
14.9118601530193
13.8924321870244
12.9264717307407
12.0021724147521
11.2999459399636
10.5386136506033
9.66039198318486
8.37254344189010
7.58754293727369
6.76570622365167
4.96872195514501
4.02847120461865
3.09019548375216
1.18189247062171
-0.319883434220621
-1.67164348791722
-2.95984245076693
-3.83867018881852
-4.15638123440853
-4.47877401925122
-4.94702330447419
-5.24965118683034
-5.44894670645720
-5.61558117238372
-5.83028014574524
-6.06619682928467
-6.28084479804206
-6.35778111110573
-6.17055873545766
-5.49336201648743
-4.31583683781261
-2.13030498348998
0.535581467543230
4.65695081644320
8.90876526138064
11.9033580975665
17.4856512597777
19.4344480258960
20.5324268252205
20.5495453235630
19.9144245784447
18.7970422359223
17.6459491806103
15.9429134581810
14.3012295793279
12.5874333312520
11.1187570357908
9.79882675674075
8.76662967427754
7.84601769076340
7.03725390907686
6.24908752598723
4.79780188089356
2.96407547536522
1.24873245781590
-0.502916155140549
-1.85855573084354
-3.18589377367785
-4.00906405372670
-4.71832596755369
-5.22591414181461
-5.68685610181864
-6.02764294394707
-6.25459368847165
-6.61936322565666
-6.70254202678766
-6.78571444942638
-6.86114866182892
-6.84983584440380
-6.83645608736923
-6.76417160004916
-6.69423509335867
-6.62491373151762
-6.45712632823757
-6.28703120584084
-5.33737634972843
-4.28735092034237
-3.20010771411777
-1.19160904475924
1.17113937899081
3.98310766593013
8.41660675107509
11.9726946248720
14.6920721631171
16.1698189270043
16.6519440034760
16.4828540823514
15.4882207144683
14.1433219091591
12.2225437200432
10.2397940565560
8.46976668700123
7.61940780985140
6.81218246333380
5.45732760434633
4.15374377182154
2.60271078110607
1.21976682229474
-0.143558992905296
-1.01962051432635
-1.91633205307947
-2.90048348464127
-3.77061467470709
-4.44072280149314
-4.82528687543029
-5.09927719714185
-5.36163186105347
-5.61894854253894
-6.30672021208754
-6.85948081773193
-7.23204197017911
-7.44393882142849
-7.49051019137858
-7.42922123207103
-7.37477338034193
-7.31431127056025
-7.23411745114034
-6.99239780346151
-6.50129517633972
-5.47882857181132
-4.20640023341963
-3.33617335554761
-2.37067831566002
-0.652603524260965
1.36519252076824
3.60416594928899
5.93558679639978
7.87432849906649
8.81173660566385
9.47095783245354
9.93924809789140
10.0203065544326
10.0982028195715
9.66636189299660
8.86667250733368
8.11164359904291
6.36073777710002
5.09288280787772
4.01907847331943
3.47410623604082
2.95157063626796
2.01150521058005
1.62562542853410
1.23974564648821
0.239603240000019
-0.786438808790636
-2.03995190660618
-3.23933279469940
-4.35658110537941
-4.96121814605319
-5.55788667467676
-6.63464209799181
-7.58083377871590
-8.52825233732790
-9.25752643824935
-9.90498419183347
-10.1280171535271
-10.3514403151534
-10.5828466659581
-10.6464020033522
-10.5276669859177
-10.2000188198313
-9.75581855605669
-9.28360289547721
-8.60993093946892
-7.51898265209253
-5.29447773880361
-2.06979110554957
1.16393620753368
4.64576667211897
6.27846749471930
7.74287629236597
8.94865670666163
9.75484097816482
9.83180336282046
9.37578833978096
8.63392542925553
8.03163525264047
6.86889562338586
5.91001234127323
5.31269968980744
4.15086934633453
3.67760768388770
3.20774577385371
2.83941474143528
2.47108370901680
1.86874144963445
1.28334446953732
0.728287343383486
-0.0453837587347755
-0.894243244650170
-1.47498059461310
-2.10605867893430
-3.20971348717765
-4.37396652126688
-5.62292683795432
-6.67958105399495
-7.76276737167692
-8.25482222368668
-9.50583292522683
-10.1120696950664
-10.7141347849309
-11.1400488919391
-11.4931586811610
-11.6808817197571
-11.7077050421961
-11.7309257638952
-11.6101150762132
-11.3929612388750
-11.0228059314311
-10.5779853991830
-9.83639909209260
-9.27546989981379
-8.64185894907496
-7.17580200511480
-4.85901241625093
-2.05010614335187
-0.414461938109681
1.22118226713226
2.74786388366623
4.27167129458587
7.15808948357465
8.67752953955807
9.57695791461570
9.71406988057296
9.39567089581045
9.03273552916257
8.58599670625242
7.82998696689158
6.62465537142139
5.51305999451748
4.05588140969809
2.89049409431257
2.14603366177199
0.813711602291770
0.171849869625721
-0.268913617667402
-0.476376268659875
-0.683324526146669
-0.956290922490012
-1.23072858792666
-1.64638921795702
-2.08965895213343
-3.11692300553912
-4.12965081740094
-4.66975094226611
-5.20045153638545
-6.23853535339932
-6.76218965232527
-8.02108776921589
-8.68471887530405
-9.35048859762239
-9.85003994817053
-10.2399408928933
-10.4963540265555
-10.5591558669650
-10.6175619508700
-10.5612048446040
-10.3020343025201
-9.70133829453232
-8.77513602235251
-7.03523883097349
-5.73032153366930
-4.21946953052749
-1.23070345286793
2.90119867354846
6.33677255706998
9.38780637015130
11.1943317008752
11.7028475486688
12.1776713477106
12.3077548454203
11.8420393443248
10.8909129914193
9.81159549009245
8.46008377365352
7.69429098779859
6.83481007674515
5.71060824269233
4.15563056039719
2.79548863338837
1.41557478926442
0.386745160673714
-0.0340413353539168
-0.437312185587468
-1.01500576405510
-1.39804804739823
-1.85727697260337
-2.36842632138729
-3.09179577424639
-3.53876735826410
-4.04582434405856
-4.86903513769927
-5.39764958457714
-5.91942136587483
-6.94374579870123
-7.41364231043283
-7.88071163028998
-8.28721818968105
-8.69372474907212
-9.41745987173006
-10.1367546763285
-10.5776444702575
-10.8277430967327
-10.8134541208443
-10.6756947766214
-10.1045003074063
-9.57093919144163
-8.88740510553405
-7.65062067779613
-5.89882424948307
-4.55804015669626
-3.22840101630999
-1.73523993323598
-0.227141835425750
3.42633548991902
5.75768918423283
7.44233909033868
8.18687529999204
8.36229809633903
8.24157288873887
8.12084768113872
7.61701881932598
6.84971754799569
6.07719532373613
5.16792733492140
4.39778513225956
4.00350033995740
3.60715296844975
3.02440066782266
2.62029103335179
2.26058660497906
1.95024225317035
1.51347746099772
1.24423518735804
0.974992913718310
-0.0568613987128729
-1.35695716548911
-2.65019721612271
-4.13568810282780
-5.44082707776828
-6.07240145421755
-6.70309905688281
-7.97131607275878
-8.99527075496587
-9.92956868312476
-10.7710921237475
-11.3634617821109
-11.5679306236806
-11.7723994652503
-11.8981353676964
-12.0142603449232
-12.0169167021969
-11.8842550177004
-11.7515798000464
-11.3999682765218
-10.9140544679851
-10.1536918158209
-8.68201114570647
-7.38546627272126
-6.07517266884279
-2.46698353365819
-0.408437536548615
1.77708008008272
4.90621308834010
7.62687174259140
9.54603119120529
10.7866462770931
11.3525812913012
11.4071295060096
11.4514541576108
11.4868088776403
11.2900063364531
10.8416259812711
10.3315927717517
10.0333759847269
9.73906374729694
9.32925127264566
8.68742964395698
8.09080118648890
7.32483007551046
6.14860581544207
4.83303076410663
3.13028411256574
2.06440366936494
-0.603457742894968
-2.27138341694654
-3.91935773370811
-5.06544024472934
-5.94222470743919
-6.41344160724128
-6.62580897776576
-6.91809743922779
-7.05923727978247
-7.16323640160242
-7.24605797813249
-7.28155230860343
-7.27780536719972
-7.25540382594304
-7.22685086274447
-7.16526829001073
-7.09675036105787
-7.10907658693958
-7.25709470266375
-7.50300952434938
-7.64422897143749
-7.78328772606386
-7.86655337300353
-7.63184521894923
-6.93169450551020
-5.98043659545247
-4.54531623905186
-3.63166882337714
-2.71802140770242
0.746120497926563
5.35377425467982
9.85873360355901
14.1682474683952
17.2924182428746
18.2852047909398
19.2779913390051
19.7097960529208
20.0917683438879
19.6126017219357
18.4402541536341
17.5521700105714
16.6686950705266
15.7158995751611
14.7631040797955
12.6763526568488
11.0141336299520
9.37100552414295
8.17023684045141
7.17546050360874
6.80721176069186
6.43896301777492
5.73705582219848
5.37817355625913
5.02950095305272
4.08422323235990
2.99647206777302
2.33309145955070
1.68702488734987
-0.00989502464382631
-1.43945452133766
-2.87416862289195
-3.97590746953842
-4.96660191765110
-5.36196333330550
-5.76979001338732
-6.25859419086707
-6.77373690125074
-7.08952766716039
-7.31111534138179
-7.41124721723711
-7.42459879899242
-7.43613316277663
-7.42054364894313
-7.41496779584396
-7.46570100156072
-7.59081618935617
-7.85117490159034
-8.02307921996249
-8.20334261443830
-8.48092425396924
-8.59303791114809
-8.38603490379540
-7.65128329335079
-6.46297028629368
-5.63497148113791
-4.81455126752725
-3.48567124218181
-1.74795026772976
1.78856235968300
5.02054979549193
8.31778769435508
9.10116514313729
9.88454259191938
10.6679200407016
12.9043433734240
13.6963751786344
13.8245534939945
13.5208468758828
13.1966403602336
12.4640655928008
11.0129634261020
9.81871199954356
8.55125431104238
7.48267110270918
6.65455070174619
6.00188340944397
5.57483588859785
4.95727059239687
4.57388469600558
4.17816599136428
3.52035838670427
2.65466264202871
1.35200527208531
0.0919658735511511