24.4208139498692
23.2919682690848
21.5708435841085
19.3154450259118
16.6642156018985
13.9772025141639
11.0231479582093
8.00968679208210
5.03508275819301
2.64061386642577
0.476627557115236
-1.34805610756779
-3.00542711402454
-4.46332193764610
-5.63832920464381
-6.41247290424022
-6.67309480270532
-6.46156836203156
-5.88045417960361
-5.10598264561007
-4.30659792984009
-3.63663829136675
-3.13762228307809
-2.88004432780195
-2.83527276190572
-3.00007582924051
-3.34473549914826
-3.83339692883965
-4.36866760766255
-4.76876513118736
-4.75644751271985
-4.06627277944879
-2.49004694048891
-0.0519428689705712
3.10659659641301
6.59009448996111
10.3510072826140
13.8468086717269
17.1016934965235
19.7387435716516
21.7607570687609
23.1316881638691
23.8866141182517
24.0326211026907
23.5905242654075
22.6523256648329
21.2479623619726
19.4214338406877
17.2049269010388
14.7466635164155
12.1857402409901
9.45682921693415
6.84312667044453
4.43076118473024
2.31010521354118
0.463399966519829
-1.19467423183409
-2.53472244577857
-4.10060238216584
-5.04110659453956
-5.48015825755125
-5.40770804434853
-4.94238516497318
-4.25125923393382
-3.53888021331102
-2.82763152511827
-2.33633885914708
-2.09333462031501
-2.12607106144402
-2.44103902872006
-3.03377102169718
-3.80753963615390
-4.76946320719615
-5.56584654429964
-5.92186254567676
-5.64854743334898
-4.64960304812447
-2.92857277438707
-0.802683886264857
2.48205234382059
5.85756376968954
9.28125194455108
12.7283272645390
15.8440570739557
18.3496264364056
19.7956334779106
21.1688510802274
21.4445290261413
21.0918038550724
20.3135791049002
19.2570113496300
18.0204636846203
16.7739910697256
14.6913526494108
12.6090307850045
10.3438010288082
8.05254607048211
5.79617751752023
3.61647679816249
1.92326176230384
-0.525450132720968
-2.44036780238536
-4.22991195204256
-5.71471954841024
-6.76692742249211
-7.38654536634765
-7.61384224628075
-7.69431698417247
-7.58858450837313
-7.40899358251439
-7.20112005847504
-7.03019821738058
-6.96878843597097
-7.07068774957586
-7.43388958778699
-7.90755279104771
-8.37186689744823
-8.68474871277141
-8.71247829747840
-8.36306884194228
-7.78428049858660
-6.33792423474824
-4.68781558695329
-2.72487145792184
-0.579702253488394
1.65308816815139
3.91235899906725
5.34515850173339
8.29315935918059
10.0784858659963
11.4751605591367
12.4036090963671
12.9210230900262
13.0241090530256
12.7829580451302
11.9728960707395
10.8568920701655
9.41250077973196
7.71724733913037
5.86899166889230
3.99051361021020
2.63132251213566
0.444483513384793
-1.17694508445063
-2.73174755819846
-4.26085898321507
-5.75243571933460
-7.18713200461947
-8.19697666714576
-9.78036484206753
-10.8503367804340
-11.6987925953476
-12.3330274106726
-12.7444232002500
-12.9634706949580
-13.0207734027523
-13.0330955200285
-12.9802150428681
-12.9281236833492
-12.9115728155490
-12.9163926482685
-12.9204262718138
-12.8706482452152
-12.7330547498193
-12.5277463488729
-11.8467190785032
-10.7908676675893
-9.37896067388507
-7.67758918253706
-6.32952445622991
-4.93676572590938
-3.49034635569702
-1.13448957831265
1.21017726860897
3.36271871612314
5.16833788815417
6.10376464534713
6.94065103632465
7.66545498122398
8.35216070393373
8.70198122449582
8.71614029259163
8.40389687187010
7.99451137445932
7.48614300105675
6.87400683590361
5.69222355031241
4.32629972847276
2.77187871108329
1.07102233853798
-0.0591562211501513
-1.23168696278691
-2.46304942762083
-4.12267754565026
-5.65116832280088
-7.07466504347942
-8.38743326653850
-9.11896951032269
-9.85665337709832
-10.6057554169364
-11.4138926335194
-12.0099653111855
-12.4529312805584
-12.7666056397836
-12.9046013540769
-13.0330676150166
-13.1479833468286
-13.2722091570642
-13.3588392977943
-13.3662518114360
-13.2326637570243
-13.0270668345151
-12.7362031229558
-12.1329096735949
-11.0384276358912
-9.64505754696500
-7.98270323759274
-6.11080784164893
-4.86437403972128
-3.44942709481498
-1.69736386911224
0.700524349096334
3.15471668514663
5.42810738784986
7.34908254566698
8.19264474407577
9.05940625093850
10.0163262004542
10.7342954798274
11.0368481907969
10.9338849176228
10.5003510939275
10.0567308176605
9.49357392511136
8.66943401736902
7.32581855959648
5.72339794772628
3.91320295879661
2.03918244501632
1.01307733653864
-0.112342677426628
-1.56289275698042
-3.23614434845933
-4.88393846217511
-6.40559938587222
-7.68658215255455
-8.23198490906139
-8.78086780429127
-9.34000371030941
-9.78022917149503
-10.0719383503069
-10.2860178958453
-10.4736478010351
-10.5831448008325
-10.6990559255130
-10.9817030991539
-11.3328740450253
-11.6904366422338
-11.9878410613689
-12.1640815998448
-12.1454525200102
-12.0709017086696
-11.7337520435338
-10.8997304721211
-9.52000745317046
-7.55663457051277
-5.03382186239408
-3.58144501970506
-2.12906817701605
1.03784796595868
4.08031602818082
6.88199423447977
9.27776178068317
11.1718443709253
11.8612349699565
12.5503200314229
13.2229369929826
13.3073610289998
12.8528754184921
11.9457656377632
10.7077378827975
9.93911945068163
9.12213302924634
7.41630521361268
5.46670823094801
3.42641221915134
1.56406997339199
-0.0654630254076630
-0.845142817928769
-1.69286972995580
-3.03112203866494
-4.56262616748776
-6.02611899215328
-7.38960685866975
-8.52106394408655
-8.95856917056955
-9.39607439705270
-10.1137100681509
-10.6306258034666
-11.0042363663215
-11.2704319465112
-11.4603455558983
-11.5333873447403
-11.6064291335824
-11.7762939199620
-11.9434918549224
-12.0746751873316
-12.1003561357811
-11.9525952818048
-11.7270504993171
-11.5015057168294
-10.4494234593612
-8.69934221681343
-6.31331255944600
-3.37479980870538
-0.108578638521911
1.37747422314622
2.86352708481435
6.32274362112899
8.99734820873286
11.1424795862187
12.7086564427802
13.7494692189367
13.9985315816540
14.2475939443713
14.1428642332079
13.4232490781966
12.3106130471188
10.7754290887897
9.00476976978954
8.38221854248090
7.75966731517227
7.13711608786363
4.98181287138533
2.89021538898423
0.803957533627613
-1.21095117260646
-2.60675768292342
-5.01876973461179
-6.65914393962562
-8.01758024046636
-9.05599932375737
-9.76256189105062
-10.2375308309966
-10.4139000351073
-10.7301522882449
-10.8195013103277
-10.8467787983169
-10.8363706204958
-10.8225614879939
-10.8464598453139
-10.9017955004186
-10.9642813014378
-11.1498517029566
-11.3324364918821
-11.3797759340176
-11.1900024395323
-10.6632152789566
-10.1657903312948
-9.65546209829739
-8.09098730958770
-6.06991978204939
-3.68053354240859
-0.995911577703212
1.93429069987587
3.42185743435642
4.90942416883697
6.35231627128407
7.81663767533866
10.3751010762364
12.6175647059076
14.5018283811852
15.1378421133468
15.7738558455085
16.1597360866511
16.5079913277255
16.5039010919912
15.9080396429621
14.7741808143245
14.0351264997942
13.2960721852639
12.4077916097263
11.4897499414770
9.75670170241300
7.97414195929844
6.09508851141613
5.17664989432918
4.25821127724193
3.21138851602991
2.12808660894258
0.368001009155899
-1.13861938329813
-2.37347649691994
-2.90688517940362
-3.44441789109551
-4.32893214061617
-4.99141336817561
-5.43703440696470
-5.69367719998019
-5.83422797549853
-5.86212886393492
-5.89002975237132
-5.87306981251681
-5.84076945863380
-5.65859436479436
-5.41197933496309
-5.18589307495619
-5.09739001598284
-5.00888695700950
-4.82245061369124
-4.57911786428130
-3.66564988934606
-1.92462104009751
0.540886176327713
1.91261199978705
3.28433782324616
6.44495530230110
9.20271150485595
11.8988852716869
14.4484384094847
16.7155729026511
17.5518613202846
18.3881497379181
19.6292656515470
20.0003465461816
19.7926450639536
19.1879869359935
18.3319810480892
17.8037149986124
17.2322933476798
16.1737605917653
14.9906773009437
13.7681085864572
12.5586695074263
11.4535480592764
10.9248228756631
10.3883902593450
9.18588668579279
7.81675406975672
6.30979533637819
4.65882012175614
2.85797445085002
2.20393504911662
1.54989564738332
0.758836574279278
-0.940299922607314
-2.66744934140405
-4.15752199182153
-5.36134324366697
-6.02696333616226
-6.53280332925469
-6.94074949210901
-7.33448657249065
-7.51448375176064
-7.52777537527934
-7.42976514087728
-7.33967958212959
-7.24595120853962
-7.14647758152287
-7.03875626783603
-6.96359635808163
-6.93041482007756
-6.93618405919650
-6.93972627211098
-6.94110551330536
-6.87785884680928
-6.66976773635273
-6.17421664177001
-5.03197781037137
-2.85617913505486
-1.32950826067303
0.197162613708805
3.55916049968124
6.54120810007695
9.12659494016326
11.3959601126289
13.3976813106724
14.2515481763032
15.1054150419341
16.7027317722746
17.8189846509045
18.4986870639482
18.7215259502289
18.5261708592608
18.2661649647315
18.0061590702023
17.1503855875995
16.1879737301269
15.1295091503451
13.9340510382581
12.5309035398049
11.6969109264628
10.8020485411067
9.33879405107918
7.98793307037805
6.85074482480954
5.76434916138226
4.56544782966510
3.84374051738208
3.07715852299213