18.8107959478990
17.8605111012905
16.8344020416513
16.0755338578964
15.2799023058534
14.3441522270315
13.0027149135039
12.0052032409458
11.0604664065729
8.81507378822004
6.72933627499244
3.94184638492254
1.54163560490226
0.588642003669514
-0.364351597563229
-1.95386167423302
-2.95665490643062
-3.79762331456230
-4.61427757350605
-5.17861972367051
-5.53305128245484
-5.84593693378969
-6.04793073940384
-6.19444767597943
-6.26262088774142
-6.33288795072838
-6.36278033394791
-6.46895112441423
-6.67873194668198
-6.98967590524286
-7.13745634896144
-6.91893158319696
-6.38097965755828
-5.40210599945915
-3.11203265978164
0.693783616751618
4.33483352319221
8.89908838810030
12.1156682052709
16.1534932444458
18.0453479150789
18.9948225150459
18.5628495688172
17.0581587689496
15.2065976139971
13.9919874589277
12.8849220565202
11.9333583086644
11.8875374811064
12.7360676632486
13.8129530130574
14.6998720152789
14.7827214377524
14.6595606322169
14.0431216777999
12.4859871789790
10.8369028005663
8.71180144804402
7.16289379035544
5.99853562238640
4.38132649130543
3.21620904922943
2.30746420727073
0.775127087515501
0.225750003662804
-0.323627080189894
-0.868546686193425
-1.35711495043927
-1.78241322972416
-2.34479779253797
-2.58812805795413
-2.82914312293779
-3.29967989530839
-3.72094383474739
-4.54390666961448
-5.34048854182302
-5.81452078651643
-5.75846855110532
-5.62392310850341
-4.95077209948095
-4.22880647319430
-2.61678537261300
-0.599684670951038
2.01676313565008
5.69911765442305
9.36852248650934
11.5775659400960
13.4748180713257
14.0161574621473
14.1831960598495
13.6013513963377
12.9252288548617
12.9004443371548
13.7819155804539
15.2708973182273
16.2595621341727
17.1499654327224
17.8682899020444
17.8183917640169
16.8923521230392
15.3214366355099
12.8388539101606
11.1658028701510
9.48093635878713
7.75372591953665
5.79867281464285
4.56179427600792
3.22047754071486
2.20852451693587
1.46486272337251
0.752640880570400
0.260683606224720
-0.136449214481308
-0.649923463959551
-1.16534547115156
-1.84483159876258
-2.26416832532229
-2.73932067033772
-3.44537494436353
-4.44098447991869
-5.32218723737990
-5.72919979902828
-6.09615764471425
-6.29158615889291
-6.30979269105197
-6.02108814832210
-4.95620370667967
-2.79450152881810
-0.169827168416131
3.43024822662820
5.73168838506752
8.15015498892208
10.8164190026350
14.2757083175893
16.4040951593754
17.5581644792427
17.2799850632778
16.6677079559297
16.0027193624583
14.4375715797861
13.1927857775759
12.7244470372824
12.3283301370638
12.0713234061734
12.1522188918840
12.3212538408281
12.2351979222935
11.7555284789744
10.9498151503388
9.64767674295871
8.13877316129439
6.96279785602242
5.69274327062921
3.97442810126226
2.06826693549219
-0.0323105305237448
-1.60806530517493
-3.32037176456689
-4.00997080338093
-4.69605957328657
-5.38555785216220
-5.99721360925333
-6.24323542909468
-6.34181039250462
-6.34803331305544
-6.34813220533483
-6.35193575790787
-6.37939550907685
-6.44087212865061
-6.53327771724008
-6.62839601274928
-6.75020730646738
-6.82493082010429
-6.89917384282557
-7.13088911612629
-7.48472525623529
-7.58496027496010
-7.31446625006919
-6.98689908855349
-6.14206119992672
-5.25003449333131
-1.77617117055599
2.60422792449609
7.79637017816124
12.0059044826905
15.7773130604123
16.8017375770813
17.8130948228498
18.4901218833749
18.0516487304338
17.0075273099575
16.3556795324079
15.7390404719436
15.3427328165733
14.9547719139647
14.5695783632630
14.4112336164570
13.9053206958265
13.0155564387024
11.4597933746260
10.4327958399185
9.30512865549990
7.36531226465111
4.65380175140256
2.40758390423934
0.126425410113753
-1.03691324960984
-1.74873523403700
-2.30083006319241
-2.88298082626492
-3.33740396044299
-3.81026288462156
-4.06589310077133
-4.20493648749523
-4.21547739419919
-4.22601830090315
-4.24870922223313
-4.34970889587816
-4.54943297785328
-4.88534469690201
-5.30604609913447
-5.60564529664441
-5.92395139811487
-6.39897924924877
-6.83711241015737
-7.03710506399315
-6.67938077784445
-5.43376860754548
-4.27330119783659
-2.92619130484503
-0.490572725655240
3.29266408731133
6.74856513474131
10.4992255802480
13.0313817607229
14.2416555356262
15.2057486760121
15.8033859901776
15.5098506277784
14.3218164839286
12.8979812663046
12.2094232316671
11.5856587507371
11.3280819743615
11.1033451762847
11.5404909473150
12.3418114370013
13.3744290266377
13.8351567133727
13.7561278297917
13.3580891792730
12.9584726026023
11.4945663758628
10.3981040406612
9.34427687470086
6.95345773786335
5.84711542479558
4.75447329259152
3.66183169273969
2.55086092997232
0.878181548378938
-1.02042610160018
-1.72684990364737
-2.42675263044760
-3.48468526919068
-3.90109990038110
-4.25836936942904
-5.31980668597262
-5.73091101571511
-6.12000109281570
-6.85363055389387
-7.21776308340487
-7.57331321207009
-7.86126482209809
-8.14310595650179
-8.74059521796192
-8.92775662185308
-8.69193079354050
-7.95746299956529
-6.61123594406017
-5.70489155022472
-4.80086546520888
-2.25618679829253
1.63740709759180
5.52935032648327
9.76929558650917
12.7495581753917
13.9434429136647
15.0189312619903
16.0612023107856
16.1249380536582
15.3418021652857
13.9966799045391
12.1297903185452
11.2467938717059
10.3673016001685
9.47964725447050
9.12431381290854
9.47996343195524
10.2115143762991
10.6705721690801
10.6664490459468
10.6221638193726
9.76786837882269
8.32360366358006
6.15381228261331
4.03310349750336
1.64488045160368
0.984294957679933
0.328798619727707
-0.326697718224460
-2.08195833479068
-3.32614030748636
-4.45889765330395
-5.14776506473862
-5.55463054639609
-6.16313283214456
-6.53723730208370
-6.85028955338300
-7.15514010654076
-7.45907141206098
-7.83801502791406
-8.04611715262983
-8.27089319061396
-8.55726077472506
-8.85208579191225
-9.02260548386669
-9.13718337174579
-9.17285226633007
-9.11587223978655
-8.99209702954707
-8.41386072577056
-6.93103344214948
-4.16082023978230
-0.761247208334503
3.89938668565477
6.13319668438620
8.35604884809250
12.1299733503629
15.3711184086326
17.0751800523808
17.9146035862565
17.5416107839984
16.9220040156413
16.2807234960910
14.5018439006860
13.1501730911355
12.0027072269225
11.8326477951796
12.1779475075997
12.3409748693535
12.5008117216781
12.5540814898155
12.4902258900259
11.8035421582732
10.4732910849480
8.86470161647227
7.93931256675973
7.07036439114535
5.92122385519404
4.50609174130132
3.40273450918537
2.32685689124135
0.310510377644081
-0.489920724970505
-1.28353816488969
-2.71776614257412
-3.40183868106639
-4.01918408955024
-4.92090719433958
-5.61294949870727
-5.95576379927868
-6.26972898744253
-6.53314148225922
-6.79483421323442
-7.30049463650842
-7.72172224640559
-8.16179119657999
-8.28928274564933
-8.41586050426387
-8.61432122382691
-8.66821505523165
-8.63995618507627
-8.45563697752843
-7.91204494599532
-7.19135624689545
-6.45536134301109
-4.87224448927239
-2.75364480351368
2.44080540400071
7.56543867939354
11.8166205661444
13.2265022501610
14.6163546276125
16.2492019542471
16.3462563189486
15.3343897042386
13.5877567856673
12.3279324537985
11.9878943960653
11.7267409798534
11.7186783410176
12.1913206167379
12.7102463290203
12.8338168077847
12.4997280069902
12.1344883786294
11.7692769969615
10.7572434145975
9.47202521361505
8.15817065634400
6.37855045269257
4.75350376092067
4.16708902763816
3.66676997723656
3.16645092683498
1.43630341034333
-0.506776982329108
-2.17286198992319
-3.89260387614733
-4.79887787871359
-5.50326424850525
-6.05964287594797
-6.74686123608605
-7.16357113745718
-7.50857769878644
-7.69547749564440
-7.80882310416610
-7.92948756787966
-8.07248147641325
-8.32306168052635
-8.61928375462454
-8.80831203157363
-8.87064723957416
-8.92235374224561
-8.91485861681674
-8.83718995784495
-8.28154526364342
-7.59411656853912
-6.95026023423458
-6.31012529528398
-4.13348607851614
-2.77160171674007
-1.41313528583046
2.24031847770166
6.09500982332327
8.75923206440829
11.3806105597667
12.5768277393232
12.8252109658890
12.9918173422069
12.5412391994708
11.6356834342995
10.5086946817852
9.83912084154269
9.66678352921567
9.90669023458677
10.1528412684603
10.8160493496187
11.3749169911411
11.4030983925245
10.9466932952216
10.1856644443448
9.62834843331531
9.08787080777797
7.74702947189119
6.30770650608087
4.29142332023530
2.67539429695607
1.06925469530685
0.519335564860784
-0.0260245061237192
-1.44190456115325
-2.92013674247951
-4.18319370892074
-5.54940362083116
-6.47894591588715
-6.91882591910907
-7.27205438543886
-7.63286761581670
-8.00029444240117
-8.45887083132939
-8.77509844971215
-9.09596225609159
-9.26893887725748
-9.45425875383814
-9.68898346364524
-9.84866434465450
-9.99523701781432
-10.0783643670420
-10.1560869871013
-10.0961707463349
-10.0252231775567
-9.66495888368524
-9.26340141307497
-7.52324590149062
-6.13677324886187
-4.75058177199529
-2.75999062434439
3.25522030308781