22.5088156680443
20.7614363514000
18.3616430341407
15.7537776247808
13.4589669728842
11.7273994330777
10.5305668894530
9.56630821648459
8.75734177878106
7.84348977129733
6.76507163729780
5.51276776544676
4.02702438161051
2.34096875804071
0.471303955316793
-1.24146739422482
-2.78383558662300
-3.85404288452039
-4.37956373900206
-4.56083962975552
-4.68107333402138
-4.91698394826821
-5.21721601382243
-5.52244532140676
-5.69824125068287
-5.67080829520547
-5.42311985912429
-5.01141648045592
-4.57649594184502
-4.16421787281770
-3.91371919815078
-3.82283704566186
-3.87565706989952
-4.04672422731780
-4.27625624523213
-4.11939415804874
-2.55697784934846
1.58977269464562
7.67707197445748
13.9483703900672
19.0778309035768
22.6443982259716
24.3129888613940
25.7147152488507
26.0899248663478
26.1871284842375
26.0745049943468
25.6508354841759
24.8258177971902
23.7195677489467
22.1154011643953
20.3735827644045
18.4062822822891
16.1529306145009
13.5977466421726
10.7363135493945
7.95164618477009
4.50973186998804
1.51747912784066
-0.987371853473651
-2.76940093121791
-3.82522038159617
-4.28314814987920
-4.30374771085029
-4.03225277316150
-3.56434109028091
-2.96510041910524
-2.28828971836448
-1.54675621502343
-0.791576306914805
-0.237624227728982
0.245814303440888
0.249417909055976
-0.143432318898827
-0.849763765942829
-1.75367324278662
-2.73331811708068
-3.53849655391016
-4.62561193023536
-5.47428649655138
-6.09543617768031
-6.05104538045601
-5.06688514665777
-3.14239630778073
-0.624089956724912
5.28072969056856
11.6178414752967
14.7203673162473
17.7970869181453
22.2821548847388
23.4806168180635
24.6757623321434
25.1974040114098
25.4173586098387
25.4007539361389
25.3124453292071
25.3400028948200
25.2405421495271
24.6676522725162
23.5897006753448
22.3511263791518
21.0525400122892
18.0323560884719
14.5559962998541
11.0154761427269
7.80447608857182
5.53200026157326
3.91672967155736
2.53810783279881
0.642146251031009
-0.725053022215966
-1.57056237339241
-1.97651114950759
-2.07852030767802
-2.12474666780580
-2.14006919141220
-2.16920161198950
-2.28013964405670
-2.51241468237630
-2.86275053912727
-3.16500425711218
-3.48259357794702
-3.81553902123165
-4.29647009227440
-4.71884543676833
-5.10519125899115
-5.56267345459398
-5.98532422292748
-6.44315635290244
-6.93256822510188
-7.16171389192350
-5.64482593945468
-1.28992387095084
5.19050606895405
7.87916495472678
10.5659270065550
13.7938046533277
18.0361885947404
21.5350906089196
23.1162475392417
23.4000705831455
23.2561603282343
23.1739967588642
23.1301135338269
23.1303299142892
22.7926329593638
21.8734757425701
20.3127665440465
18.9076985855301
17.3898720139595
15.7841709272804
12.8461919416568
9.55557470726773
6.06424364621628
2.62681922666300
0.713636296230614
-1.16673778393115
-2.99745371562407
-5.01481889919533
-6.53960718017420
-7.60349762715978
-8.15777816735388
-8.15809104653724
-8.03037175184208
-7.61321549597705
-6.65862249070237
-5.46585027399858
-4.20959538644180
-3.01874469975332
-2.43545077648160
-1.86920866803193
-1.34343744415376
-1.01956355368183
-1.03663309988706
-1.36338465909874
-1.97757330518298
-2.52189394172020
-3.17663460870820
-4.03693484534457
-5.30465221315428
-6.28309489023780
-6.06674920024448
-3.52169401341095
-0.833698841184390
2.41047915625560
7.56223662865906
14.0312800722066
19.5687455910689
23.4335076769403
25.2161017076576
25.3230687529998
25.2172435929755
24.4433747752388
23.3203351941560
22.5707379410942
22.2031501624488
21.7638152243305
21.2833483326946
20.6865820698850
19.2991459673412
17.0887433848196
14.3459429872846
11.2444393115978
7.90477330627768
6.07542456920675
4.09966811234438
1.43688734923967
-1.17551115414927
-3.19865907257049
-4.71056716549988
-5.72947630968013
-6.02742045381529
-6.31430164001441
-6.41713188756997
-6.10757292442402
-5.56282554059727
-4.95753143468230
-4.44028162228590
-4.24576647446552
-4.05036705452929
-3.83197110382877
-3.70259213972952
-3.63283378110455
-3.61421262193618
-3.68586701056343
-3.80544658713220
-3.94075945769075
-4.35955033458211
-4.97618858978374
-5.63437346652455
-5.86810943797276
-4.72411127624477
-3.25696517267291
-1.78981906910118
3.78393989039427
9.70072736309266
15.2207173786059
19.4451072120502
21.9889441696862
22.4877106155676
22.9864770614491
22.9516559761709
22.4771278256573
22.0881657074841
21.9523088150349
21.8730720675626
21.7342210719825
21.5951486845345
20.8616330543610
19.5686445792743
17.7137770403094
15.3080760096732
12.4282707419859
10.7665911049711
9.00676653766968
5.85108386791166
2.67733229344474
-0.0942283050387607
-2.33080697318899
-4.01315562624146
-4.59139287213209
-5.17065239478965
-5.83449700945828
-6.09889527470163
-6.05069083983916
-5.77703626590232
-5.37747275531712
-5.20467823084490
-5.03188370637268
-4.71011533507477
-4.64365889737782
-4.77393386995907
-5.05560092877003
-5.41615136367636
-5.60427835310701
-5.79240534253768
-6.24668842963201
-6.75971568505737
-7.39247841394253
-8.14847239024535
-8.83086440037087
-8.88402898864821
-8.93719357692554
-7.60275699494756
-4.85800027305675
-0.438037825402081
5.21345306917508
11.4146707590647
13.9474467619336
16.4802227648025
20.9160441487333
22.8351417441428
23.1385961170884
22.3655624393435
21.7400003755769
21.1152992275452
20.5833149610532
20.0513306945611
19.4547586536028
18.8320229827743
17.7572758271164
16.5068827577829
14.9619925642205
13.9962259787269
13.0304593932332
11.6998635303992
10.3332520618312
7.26809438004845
4.14191735774009
1.24333093975685
0.0714767104693468
-1.10037751881825
-2.29673823359611
-3.50000558265248
-5.27472435475065
-6.58656650051541
-7.42871973395688
-7.63807938083921
-7.83505155131257
-7.93217152090304
-7.98510303490979
-7.81609322032447
-7.49372995131107
-7.13261404047084
-6.98684682892625
-6.84107961738166
-6.72454969675345
-6.61404114788854
-6.55609173069228
-6.64743422133588
-6.88211493148124
-6.99800661308509
-7.11389829468893
-7.23973875967941
-7.52821397272055
-7.18726664224728
-5.34694341683047
-1.58629877980964
1.41162023146328
4.83487892046034
9.79875726225330
15.1871483780934
19.1878529506778
21.5685272462434
22.4361519066242
22.2965995624950
22.1570472183659
21.2878771357906
20.4617854286769
19.8630916386348
19.3697413736790
18.8004500545466
18.3751877983446
17.9501852619516
16.4233639658385
14.3936591596453
11.9086286621679
9.10386800748576
6.11826213503202
4.59192748741384
3.06559283979565
0.0525699586162381
-2.66139860226540
-4.98576619774239
-6.83810031774273
-8.22233073337049
-8.66982742882908
-9.11732412428771
-9.60535509910451
-9.68169025369211
-9.49414992358371
-9.13906515092699
-8.67339581838793
-8.41187519428136
-8.15035457017480
-7.50174097605870
-6.92089419912910
-6.45212371013560
-6.14055949594990
-5.98556724032351
-5.95706001636378
-5.92920199520775
-5.91199104524689
-5.93521970144928
-6.05819691018308
-6.32433540587944
-6.69897083091682
-6.55670140820666
-6.41443198549651
-4.05342343266529
0.296001115523863
5.82167564480500
11.7081744560333
17.2651676495930
19.5316419723179
21.7971288431456
24.8592240047414
26.2226739692097
26.3918094270098
25.8187903126408
24.8473864209787
24.2613145697897
23.6472175019621
22.4992734045623
21.1813294240460
19.5645084898787
17.6609869082937
15.4610429715494
14.1909692334695
12.8534643005400
10.1783281813028
7.16456159164516
4.00731793657233
0.879741410813901
-1.90798851963832
-2.92560739626030
-3.94322627288233
-5.71298967153006
-6.93862195176728
-7.95508301274843
-8.76603570800910
-9.33337110088218
-9.44781609740967
-9.56226109393715
-9.48687979139790
-9.05598366711434
-8.39470902852859
-7.63074306706108
-6.90672777184633
-6.65264491484965
-6.39856205785293
-5.97536688201845
-5.80802825870848
-5.77851284680103
-5.84338954149985
-5.96368753371532
-6.03259198246637
-6.10149643121742
-6.21941854810062
-6.46382645955452
-6.85579735715367
-6.77638787728507
-5.26758830163888
-3.33980617913677
2.13767195712709
7.06317539122264
12.1990980461595
17.0741184753802
21.1924166077829
23.9572909366178
24.6618317761482
25.1637509457895
25.0234623018521
23.8231009828900
22.3766576660723
20.9084074276042
19.7059364313460
19.1882280294747
18.6327184288053
17.7419570586682
16.5401688777703
15.0503523050243
13.3083581746784
11.3306326699987
10.1039864970066
8.71091606640766
6.48503322982907
3.65361620061993
0.788197614709930
-1.79477952888046
-3.80070099584585
-4.46956214235844
-5.13842328887109
-6.30432072312282
-7.22576973024772
-8.03622666703080
-8.68305026155188
-9.10309227186874
-9.16858269385435
-9.23407311583995
-9.12525067414338
-8.81434614392243
-8.40622620024814
-7.96937628182925
-7.53987292594451
-7.36604995763115
-7.19222698931779
-6.81442180976523
-6.57520863032158
-6.42988554102810
-6.36828319368690
-6.36065260082572
-6.39193782235545
-6.42322304388518
-6.71689773753853
-7.24773723149806
-7.51830014622586
-6.53096647681463
-3.85504630034584
-1.92608940580571