9.49919385008272
8.90006173749280
7.96030453218464
7.08585596575248
6.26939221089866
6.04779264818546
5.86187040416066
5.80870811682183
6.02028440965997
6.25399909685740
6.39766226344249
6.32277065204681
6.17804138068499
6.02376380953379
5.61109572325714
5.15608533698902
4.51896244702018
4.07485927770164
3.64279700703634
2.99867915711520
2.30070180116414
1.12609493525934
-0.633149546193988
-1.52738115653218
-2.36439601743277
-3.85979782498341
-4.72049651209499
-5.47792082267952
-6.71182747765442
-7.60532898374695
-8.37049405797268
-8.86413372868987
-9.30567225738520
-9.47057275181287
-9.62037799603855
-9.85000154422075
-10.0704804200051
-10.2556346112448
-10.4811769578261
-10.6563836958236
-10.6995496850520
-10.7227344616876
-10.5769354829500
-10.1779868545937
-9.48588673375201
-8.74275595918382
-7.86988783838927
-7.34024580314402
-6.83428008154217
-5.27833872200032
-2.74699662016504
0.0737702451052940
3.61815540035890
6.69726281389728
8.16532791755804
9.39099510120628
11.6712904004244
12.7022564246769
12.9789339109092
12.5387924722683
11.5362368154846
10.9032382581890
10.2979738318975
9.14588664047234
8.06682465372185
7.52078788851848
7.37098266675652
7.51173302561810
7.63233403936007
7.74661903965147
7.77975771429275
7.79563581954398
7.54797812352809
7.08097361306880
6.32495657493085
5.86151320754559
5.41658945510960
4.71601246668044
3.83030727287698
2.28203046653057
1.28087414220312
0.369460716814088
-0.421291867719304
-1.19339015530009
-2.85933280794830
-3.89132180642674
-4.49306801560795
-4.83053203305614
-5.04832762257782
-5.11907718672442
-5.18188524859635
-5.24469331046828
-5.50253039468989
-5.75982730033849
-6.04579310698857
-6.29970737602792
-6.51841342796384
-6.75621524744259
-7.03095345888003
-7.39462497174007
-7.70914381368135
-7.77218572671443
-7.52486625703055
-7.08024290212502
-5.81542519282580
-4.19138405846003
-1.71123204008606
1.19436035761457
5.01941100960767
8.61324733822798
11.0389876861052
13.2254014008450
15.2383621682162
16.5783614995230
16.9218991262346
16.1531573500390
14.4461334966805
13.0461191732759
11.8955414403520
11.0773540672908
10.2591666942294
8.94155538484384
7.98292223715092
7.64865168734192
7.59172952319434
7.55959529770037
7.48974403134287
7.27119988746451
7.02699019437598
6.78013593941946
6.11469825497735
5.59629408697015
5.04794916688483
4.39310586237898
3.85583388206558
3.32292723405470
1.88570655279318
0.336992411667729
-0.743657613960071
-2.84920794905379
-3.66807066669766
-4.32310595969908
-5.52438248672203
-6.43503997109121
-7.22243853708050
-7.51201249357526
-7.83449884256812
-8.22764184553203
-8.34324381143424
-8.36533317979724
-8.35665257294535
-8.36062386834682
-8.38273425165605
-8.41775504456842
-8.57203964230320
-8.67458193968854
-8.76922483496792
-8.88895020449587
-8.89541333938919
-8.88458012454753
-8.76016814808249
-8.57271724305561
-8.03314345904848
-6.89216785272949
-4.92156921512635
-2.71020480268394
0.0655365624779272
1.37507809303610
2.58547843897394
5.03458748528508
7.21758428075091
8.41732707578241
9.06957866010001
8.97194515378165
8.69556303038459
8.39767952783020
7.55547708098693
6.75884034476186
6.07576829760581
5.80105218015001
5.89711985525535
6.05560566444241
6.21463786351124
6.42522655325138
6.77692127351347
7.07976547699628
7.23207057696866
7.13415713537501
6.96008218188640
6.77659070010950
6.44895350480437
6.06281094257155
5.13817471249843
3.98281221855819
3.13991096813378
2.34570291587409
1.36895744396796
0.351810814208541
-1.48289119848253
-3.29041666253223
-4.28786296747920
-5.16388788412157
-6.68811213491265
-7.19566337250758
-7.63877089225637
-8.62940123837882
-9.32193837800884
-9.65316688067511
-9.88442487737016
-9.99988625146947
-10.0645960004470
-10.1088435602330
-10.1188343042119
-10.0968567240151
-10.0466013131503
-9.99952604813804
-9.96636653081496
-9.94581305175453
-9.87833502759996
-9.74324319963323
-9.50010939678051
-9.16792595391163
-8.53399156224695
-7.51611339174507
-6.25539881632140
-4.73708388452022
-2.93325549946970
0.0626142568707402
3.70268908164444
6.57082903833318
9.17675069700897
10.1310990196961
10.9380419687909
11.4522210640859
11.4336163641440
10.8467584211379
9.84509916209881
8.80582905542623
8.21921929787536
7.70301834796956
7.21203907147008
7.09148939221326
7.23163644041198
7.49950985290039
7.80014918863174
7.88938493498542
7.96299969827068
7.96513685878037
7.74035532197825
7.34616871341259
6.81713800515400
6.25728019027581
5.87036354727402
5.51566446457934
4.53427249284256
3.41798932853941
1.85118217305877
0.257154072185603
-1.64182065474456
-2.51595087757634
-3.33766078432127
-4.46458852166300
-5.59101678203907
-6.22238808503323
-6.48384398487868
-6.69335063356533
-6.85057346577324
-6.99979668718126
-7.23706875678409
-7.47223596584185
-7.74588238358815
-7.98965670890427
-8.13293990674958
-8.25688287003730
-8.38054689939023
-8.50416836206153
-8.76436645813826
-9.00652554095018
-9.21132750004208
-9.25870412895284
-9.10977461890982
-8.84480289812725
-7.90781581151086
-6.42538196905708
-5.31686160780161
-4.25433576785474
-1.71274062347090
0.775009823394542
2.38541936743618
3.89429122613590
6.23928891317106
8.31130036071433
10.2977287031278
11.2241989994522
11.5398493105641
11.4705841592049
11.3848111067915
11.2925463176723
11.1895766117334
11.4035559429964
11.9959531716119
12.6523935192932
12.9253823871148
13.1397293135145
13.2668622372809
13.2927605840926
12.8563925996799
12.0395239013082
10.9190027663047
10.4447082370231
10.0094302246428
9.57415221226252
7.95775392779629
6.06101571117554
3.65168574285793
1.57483242376847
0.155665975046103
-0.958886585162488
-1.85018542863187
-2.85508927104727
-3.45677066150895
-3.98324610887360
-5.00888821841926
-5.59951166895360
-6.53398520720677
-7.08402033687282
-7.55947892129066
-7.93549688918826
-8.37918288937189
-8.81583810741433
-9.14987869121064
-9.68794662362604
-10.0365768325640
-10.1669693665524
-10.1324801246691
-9.98461187072381
-9.83180995337704
-9.47493927350483
-8.42156932715496
-7.24978659214475
-5.88978796800601
-4.60129785711562
-2.89599933389099
-1.94987696184374
-1.04913308989293
-0.136395001696110
0.777732284945629
2.76051018595850
4.67537910154489
5.87502229879672
6.71987432195626
7.01793982552376
7.11985427246205
7.18519470179375
7.47329439495653
8.01810906178897
8.86006763602804
9.63912216173451
10.4177349553541
10.6652827896971
10.8849027468470
10.9178297824236
10.5840610953311
9.95441602420343
8.97641071381846
7.80479848240340
6.83627161290983
5.75075952127724
4.26695065999399
2.26255712491394
-0.0566747850781231
-1.90859499272276
-3.87314413364174
-4.67652934008243
-5.41073388465803
-6.55659069711660
-7.65259110074026
-8.40556013388132
-8.93106034030576
-9.22202076906411
-9.31907080825249
-9.38933960945340
-9.44158482790206
-9.49088134291231
-9.56502585556966
-9.64291944463574
-9.86930232219897
-10.0289653089301
-10.3421630904025
-10.5298243707326
-10.6116607071943
-10.5467986122985
-10.2701454433972
-9.80597979279148
-9.41218861441011
-9.03019442279358
-8.04160976772547
-6.95595025235301
-6.14348100727529
-5.37272450159533
-4.45059426142849
-3.50548422604689
-2.46218706452690
-1.32748999277060
-0.0667007618651681
1.95037670981517
4.17026840380400
5.65937815541406
6.67460199870424
7.11996856193376
7.22837883180963
7.28946417593670
7.38629625091242
7.53904503400301
7.85989869827501
8.28870942030011
8.56306614450066
8.81328531296624
8.92034336431739
9.00563037020870
9.09091737610000
8.91010457678293
8.19823601811144
7.12275833881134
5.61627492292376
4.03284979814384
1.94793601582767
0.0637397098700734
-2.09295270699623
-3.90315331142017
-5.81369981581118
-7.30876181513309
-8.26748090206331
-9.09211079641208
-9.81572073646094
-10.4828086677505
-10.7469961204231
-10.9522370561398
-11.0503219418838
-11.1325928868125
-11.1532545309978
-11.1621885802900
-11.1299316186894
-11.0929065159582
-11.0679833140291
-11.0616255555484
-11.0508080591037
-11.0238585062077
-10.9877811089222
-10.8671714022210
-10.7303783560767
-10.5912246600974
-10.1936181145615
-9.92289154092846
-9.66119472572726
-9.25562742687957
-8.76495332042213
-8.07765064217209
-6.63610176707052
-5.62129406868228
-4.63350712082184
-2.41192179426361
-0.981238745379166
0.322756669909688
2.98410988970589
5.10430966576347
6.98385652047862
8.08039949853332
8.76483341908704
8.85112509647511
8.87858657130324
8.69683730084992
8.33418924569008
8.02140761394022
7.87932055173827
7.76199656110114
7.66703779304567
7.57545942527222
7.38240280478429
7.11820807480017
6.69295834530418
6.20407828313411
5.54276469791130
5.16794773380083
4.81750695257840
3.87214760060406
2.63548305517759
1.40220260683784
-0.131991550014396
-1.54587464593781
-2.34051676442775
-3.04227561184850
-4.44790298111338
-5.55382798238476
-6.65179697738165
-7.51598643987247
-8.42110744043181
-8.73458589247236
-9.01362359747619
-9.33058644676126