14.5539498700189
14.4413327663046
13.7712078041109
12.8579162341039
11.7708755399628
10.6534928043527
9.60832722106043
9.20300824216458
8.79768926326868
7.96513576701020
7.29116196868137
6.56964369236760
5.70036923216548
4.59647590431275
3.94207339308662
3.29011131058535
1.70195556982602
0.140057356683740
-1.43146475952808
-2.96822801140576
-4.43429719567229
-5.04563753036903
-5.65697786506569
-6.53218724298475
-6.95007918763449
-7.10617001613536
-7.13843372996481
-7.13563290965266
-7.13536537221988
-7.13460892816541
-7.10525085729417
-6.99403451892396
-6.77504788024906
-6.47376519464233
-6.16831319735215
-6.07092012411432
-5.97352705087649
-5.82032161251064
-5.81323500995105
-5.90855446701147
-6.13449331052383
-6.32840160333277
-6.27004525825091
-6.21168891316906
-5.69207610374912
-5.29554320554797
-4.89555375286226
-3.72984727162541
-2.17616735571646
-1.33949964749495
-0.506435015693976
0.693772618555257
2.10429499714246
4.52723315129903
6.83453751083302
8.89770771500397
9.72263258813194
10.5526315000840
11.4738060478026
11.8246248275768
11.7512552295871
11.4566807014257
11.0492768299467
10.8327338108536
10.6167088920060
10.3485838034722
10.0673461766172
9.56678135704424
9.07410780010927
8.57311952731357
8.28970484812689
8.00629016894028
7.53813339622395
7.02302478144024
5.74146502003121
4.06667383011647
2.15714744870675
1.21022933805570
0.263311227404656
-0.836307771787604
-1.97406048679296
-3.86554688818897
-5.51056663064232
-6.85690000964126
-7.20921834251028
-7.56153667537934
-7.92682485286309
-8.32431104429805
-8.42670160009415
-8.20083759440504
-7.74036188808463
-7.34734849039549
-6.90617617962024
-6.36614719746921
-5.71341322886619
-5.17219582226575
-4.74612634332038
-4.42119956977755
-4.30573736893282
-4.19209105676395
-4.10537568853824
-4.14658820538925
-4.19882343406690
-4.03639648588979
-3.49485335905221
-2.89499900943732
-2.29514465982243
-0.921942667701938
0.896357628826070
5.15464213563975
9.62969377776431
13.5398263044722
14.9563242291824
16.3728221538927
18.2938035869453
19.0997930767749
19.1556008766227
18.6444925660419
17.6930604928440
17.0718632495775
16.4506660063108
14.8134936718479
13.1152000314355
11.3432052202431
9.60242177281456
7.92290835364444
7.15374752310900
6.38458669257347
4.88839847284160
3.55397225234277
2.26952823665753
1.01132045098555
-0.208250321670881
-0.754166243680909
-1.30008216569094
-2.74165298998561
-4.19646723032643
-5.69175927001402
-7.06282684571023
-8.18770183157876
-8.57717364894284
-8.96664546630696
-9.69762973027063
-10.1352763179053
-10.3541896528627
-10.3439183112052
-10.0933844159025
-9.83925635265443
-9.58322696495919
-8.85352347380814
-8.02273322715913
-7.25998435853335
-6.67148184643208
-6.30643089964823
-6.23864641237360
-6.17086192509897
-6.27147224801947
-6.51319681583811
-6.58612711292866
-6.22164911497751
-5.45831336291127
-4.97676377496627
-4.49521418702127
-3.21347953527269
-1.67555462181311
0.281464757069290
2.60964059682135
5.29728595002827
6.48789199591236
7.67849804179658
10.1605624840627
11.7484555804247
12.6717232354862
13.0450312028317
12.9939391697515
12.8312208797974
12.6685025898433
11.9949737211250
11.2261453206825
10.3863929967635
9.54387625318110
8.74879874741609
8.41953838368760
8.09027801995910
7.37740138003076
6.77118145317251
6.16869644620777
5.50465333892519
4.72271116391164
4.23846146432240
3.75421176473316
2.41479915654233
0.758645624584101
-1.06667611388399
-2.95196932842105
-4.76511542213624
-5.40105862937674
-6.03700183661732
-7.82220058923853
-8.98940557340315
-9.92024900959461
-10.5003848847658
-10.7255763472091
-10.6551040997799
-10.2407018841171
-9.72976614356807
-9.16922580766571
-8.64418881050194
-8.20999335200742
-7.88968104112129
-7.78203790338146
-7.67475835973485
-7.57446055721201
-7.55623961814224
-7.59314516214961
-7.65750552766938
-7.77148553769896
-7.84321154830038
-7.91493755890181
-8.00464329299708
-7.88382058033648
-7.48144811728163
-6.68042505103106
-5.36675612259915
-4.47728527355773
-3.58781442451632
-0.367883428341413
3.35625641736859
7.18754857093433
10.4531619567106
12.9495346271066
13.7932940583525
15.3731931901852
15.5594234762810
15.2903787233769
14.7006756985081
13.8924762979144
12.9287265625096
12.3926864839306
11.8577183593788
10.6220012036896
9.37556927183667
8.13512474710814
6.94458691311459
5.85780246612578
5.40745115570470
4.95709984528356
3.92099654293470
3.46719979260864
3.01377416830915
2.11420698295024
1.18690072042361
0.684829124494696
0.182757528565783
-0.421077754931552
-1.03272264125993
-2.40934572912479
-3.92321296434855
-5.45894655866014
-6.13106833431919
-6.80319010997824
-7.41914311220996
-8.02875445002839
-8.81035707915271
-9.16724603147893
-9.16873009935473
-9.05737995366613
-8.94602980797754
-8.76395220469148
-8.56666925967043
-8.19838587660437
-7.87659536210747
-7.61766199515048
-7.50939630613303
-7.40231506368675
-7.19136690197663
-6.98378839754190
-6.80144378836098
-6.72174082681514
-6.78065789274364
-6.76803128587549
-6.75528284765028
-6.53600508112868
-6.19527613107815
-4.87035883210351
-2.66438772554546
0.467552914452050
2.61186929973929
4.96648761667064
8.66462526205225
12.0262308679027
14.6268357807275
16.3368513510983
17.2143294733403
17.2962048506265
17.3733583124159
17.2864665028443
17.0321355312708
16.1833563735226
15.0142386715026
13.6657123033024
13.1007807409960
12.5358491786895
11.7623954746395
10.7555860955421
9.19986604448377
7.58646279398565
5.89592640806572
4.66120417327998
3.41151186095152
2.14169732454860
0.0566069507600523
-1.94318936687376
-4.03322589738630
-6.01404754339729
-7.10438379291204
-8.14867080992426
-9.12354409498733
-10.0142497903778
-10.4270321002786
-10.4272301735499
-10.1256083470971
-9.89951558596679
-9.67342282483655
-9.15670453034675
-8.68475771284736
-8.30802865687276
-8.04779522428563
-7.89840972861120
-7.87121313009024
-7.84401653156927
-7.86436813389359
-7.95525647395279
-8.13888129843484
-8.37477121566905
-8.55120846456072
-8.53987735131276
-8.52854623806481
-8.08884507551916
-7.04203934647219
-5.36443468202099
-3.26722818336067
-0.938765298055266
0.597331102605209
2.21917718227001
3.95995493845664
6.47326876932437
8.68769937832227
10.6878123593104
12.3203939224572
12.8124526455703
13.3045113686835
14.3331860698823
14.7673998562770
14.8623815684828
14.6746177373176
14.2628328395617
13.9721061068364
13.6813793741110
12.8937229335840
11.8896499557427
10.6533672639522
9.15267431403420
7.36830597436392
6.41120371465058
5.45410145493713
2.95021684260523
0.579422736754423
-1.68528155907027
-3.74058612872615
-5.57066018127305
-6.25524047900161
-6.93982077673009
-8.14829428789013
-8.76474883121795
-8.97063939447276
-8.88203328207049
-8.60072695288190
-8.43330118388837
-8.26587541489482
-7.82416935228939
-7.48884898222796
-7.26389922531169
-7.13982668104184
-7.12037688643745
-7.14617914647782
-7.17198140651818
-7.28633316613699
-7.38959341656279
-7.46874861822190
-7.52839346873453
-7.60436302167250
-7.59730978390099
-7.59025654612948
-7.23924588134099
-6.49131042017988
-5.36772345592095
-3.79283813155916
-1.77502703856777
-0.598466156375861
0.564242059202037
4.18451299205901
7.90324462422604
11.5346940592368
14.5285076819733
16.7181844657191
17.4446504250249
18.1340435751186
18.6088121285198
18.5076875650799
17.9081085286791
16.9158590195458
15.7695787270928
15.2470259527173
14.7244731783418
13.0902751700087
11.7398793374901
10.3559697166837
8.93227760434636
7.40995505503625
6.36667616977905
3.92040799695714
2.02924073482287
0.0706815723755610
-1.83049669472192
-3.57916960143248
-5.12241242861342
-5.83024301777755
-6.56798032670717
-7.70411264175639
-8.68088814358915
-9.35012673998249
-9.74011659695067
-9.90797529070479
-9.90587089164503
-9.90376649258526
-9.76435617000670
-9.52360105916198
-9.20050431870899
-8.83110556536424
-8.47803684880776
-8.34677638142974
-8.21551591405172
-8.09376637702956
-8.10837397132003
-8.21099180464413
-8.35335838486539
-8.50248528032451
-8.58185509492636
-8.66122490952820
-8.86894769859615
-9.13234852451576
-9.37792280034811
-9.32572198927216
-9.27250804022498
-8.97320040690004
-8.67389277357514
-8.11837113273870
-7.42362541185576
-6.04399966422375
-3.98531574230916
-1.15095850890559
0.396667967246251
1.94429444339800
3.74861825247607
5.62201119800526
8.42620494556704
10.5234998853158
11.8942124601576
12.2598346240018
12.6239186893675
12.8051236322728
12.5492950237432
11.9697832296160
11.1796116065849
10.3235739540335
9.93949397066129
9.55541398728910
9.07963870674873
8.57837315762808
7.57196354901190
6.50370324570144
5.38485602925741
4.86617040245991
4.34748477566234
3.62888627574362
2.82346388313826
1.28095041310519
-0.351549909290053
-2.04048564006614
-2.80719489873435
-3.57390415740260
-4.46167159457462
-5.38314712594022
-6.88075069476387
-8.15845391726999
-9.18234294939161
-9.52944743688866
-9.87655192438568
-10.4084695016627
-10.5626600673110
-10.4176572204163
-10.0280800588203
-9.51158840335441
-9.29725195082976
-9.08336941198005
-8.84950156448602
-8.60285574259004
-8.33347494305283
-8.16498135529042
-8.07814010114942
-8.08604931566569
-8.09395853018197
-8.17665981905940
-8.29033565652301
-8.69820014176541
-9.23845680160189
-9.75896408668629
-9.80471078551380
-9.85045748434131
-8.95444631690671
-6.84212302956461
-3.59520010108098
0.479985420017588
4.75561765695566
6.20465428394037
7.65369091092525
9.42858968831158
12.2000496855984
14.8970124562896
16.7938526742287
17.8937011939028
18.1340399695212
18.0928825476085
17.8492731615125
16.9249959442572
15.7904948961088
14.7640827846118
13.9612174862057
13.5153661719662
12.9752064386341
12.1048780959737
10.7240441989553
9.05618271259766
7.18637011584016
5.17274670788740
4.12129398707083
3.05084701780664
0.932288351871296
-1.25227812280985
-3.31119993448514
-5.06492931912363
-6.40320846830318
-6.85473756657129
-7.30626666483941
-7.93086102070408
-8.34514195413812
-8.61975931306150
-8.73530996755497
-8.66145488810584
-8.55073367366651
-8.44001245922718
-8.06377132407604
-7.72470235005188
-7.47779571267894
-7.35617568410210
-7.35927961218646
-7.40360806401256
-7.44793651583867
-7.59153156704051
-7.72731037410503
-7.86558922653008
-8.04909724821986
-8.34951204560271
-8.43381061332826
-8.51810918105381
-8.12597251250644
-7.04993133677446
-5.29959791686325
-3.14214954474629
-0.382284541842933
0.968754617260729
2.31979377636431
5.68747511036366
8.46525506342005
10.7201979519079
12.4324824576547
13.7154871277351
14.1865589075955
14.6597084491719
15.2518902601130
15.5069589269582
15.4376461692290
15.0508244638124
14.3938319747430
14.0249320452493
13.6560321157555
12.7609062834076
12.0001805668214
11.2281100453980
10.3690990490464
9.29965206903669
8.62250513150026
7.90091055230935
6.21278619524442
4.15865427393721
2.03518780665170
0.00848065067809491
-1.90267782107887
-2.70971732533414
-3.51675682958932
-5.33272693302835
-6.74925444613741
-7.82753320214773
-8.55661331351086
-9.00139676768640
-9.09880212280504
-9.19620747792369
-9.29149613592356
-9.24928008270209
-9.13675556000528
-8.98386365511674
-8.82432163163855
-8.75387869139529
-8.68343575115201
-8.55350677083128
-8.45290015851536
-8.37863167936542
-8.32790050203183
-8.29636239974604
-8.29487844136160
-8.29339448297716
-8.34767120150358
-8.49013045370414
-8.73118920875842
-8.99988149906735
-9.01800178075833
-8.81676776934642
-8.61553375793448
-7.21958720587436
-5.44742202186715
-2.93790828754651
0.234046131693818
3.77020793582026
6.00710724087770
10.4355598632972
12.9904213206784
14.9972756051249
16.4193331139699
17.2267583571625
17.4987331815500
17.3706768435212
16.7710970147154
15.9569645924056
14.9613063130415
13.8727852462408
13.3272974504390
12.7816172933604
12.1933825471738
10.4397046478328
9.75026229891799
9.06241434330844
7.57421319423706
5.95800516142089
4.21907297933473
3.33998011709682
2.46088725485893
1.40577201797885
0.319220889465643
-1.76829266968133
-3.76899217779638
-5.53314556511503
-6.23948355596167
-6.94582154680824
-7.57637145191943
-8.20283784948177
-9.15924881009830
-9.88297770664213
-10.3929454210382
-10.5259398579220
-10.6589342948058
-10.7027248951642
-10.7339258684444
-10.6686602513346
-10.6048561091793
-10.6121276489384
-10.6443439495383
-10.6765602501382
-10.7162072537750
-10.7574569461900
-10.7905083224363
-10.7727911547716
-10.7263296868725
-10.7042033641967
-10.6820770415209
-10.6531935152599
-10.6226522441592
-10.5311691607329
-10.2017183667774
-9.29000261365659
-8.54419025634367
-7.79837789903072
-6.44537872731841
-4.68857503355475
-1.16342589696412
2.61001600803008
6.14027297822937
7.93386262317827
9.71640657034312
11.5021562332686
12.9791262570755
13.8361654980356
14.2097482826295
14.2119493944818
14.0850098057667
13.9578632608007
13.4903614228956
12.9252106135881
12.2836647344412
11.5642181689000
10.7321234625962
10.2410689855546
9.75001450851285
8.52505943560654
7.12037831468354
5.54955601105446
3.84816829021389
2.03973561537697
1.07357744840357
0.0876644827180433
-1.85607594786648
-3.75020871030128
-5.45971858869599
-6.94433444049018
-8.20781147578951
-8.68614561664525
-9.16447975750099
-10.0014760442654
-10.4473822582953
-10.5786769719782
-10.4201113747028
-10.0440636625369
-9.87184336837260
-9.69962307420827
-9.49872209345621
-9.25525347818305
-9.08309200885049
-9.03235924612210
-9.04353426101563
-9.05955826135482
-9.07439000595248
-9.08831871983291
-9.13290594665138
-9.25105965409796
-9.47725682420390
-9.80363387968674
-9.94193719749740
-10.0297389848689
-9.93831654266547
-9.40199107742162
-8.47171770007570
-7.13586601868203
-5.41022819378706
-4.42085718704268
-3.43148618029836
-1.06479014563678
1.47511415969516
4.31260137124119
7.18609143931027
9.85598513910486
11.0901428324551
12.3587460004539
13.7718562784475
14.8412280217046
15.3709684657336
15.4713081964825
15.2592603217604
15.0309414106902
14.8026224996201
14.0329932953401
13.0194743431980
11.8525735079598
10.5649602841409
9.19599256812873
8.47796512626211
7.75993768439555
6.03483897891757
4.24805503983032
2.40552716064129
0.546888383519921
-1.30287528267957
-2.13374757570314
-2.96461986872680
-4.99199524333863
-6.77340401946991
-8.39889944142568
-9.73323624073591
-10.6927489034218
-10.9680370494542
-11.2433251954867
-11.5643703412924
-11.7454198345711
-11.8606539143120
-11.8364995524743
-11.5977481688699
-11.4199214087663
-11.2420946486627
-10.7221710380180
-10.3425968864220
-10.1147402857613
-10.0689677734822
-10.1595398082927
-10.2088874167476
-10.2582350252024
-10.2913456217203
-10.2611171075738
-10.2765123100006
-10.4171476239085
-10.6204192438815
-10.6249151093019
-10.6294109747222
-10.2899634472026
-9.75229811093870
-9.16962500776101
-8.47211455874641
-7.50197738363975
-6.81864082427016
-6.13530426490057
-4.05488397347655
-1.86155805598812
0.185304523549220
1.82978824061486
3.00936234137400
3.38560949517931
3.76185664898461
4.30115385968235
4.66063732126439
4.91511899207131
5.04889475235137
5.05691795060053
5.01933282013344
4.98174768966635
4.82518715579777
4.57340142879946
4.15686767407901
3.56872541615480
2.84972014069864
2.45938131463240
2.06904248856615
1.18725029509586
0.363910029153129
-0.432509209516179
-1.21641127921450
-1.99627205846709
-2.27753983978522
-2.55880762110335
-3.57807686106474
-4.29859533323085
-4.97548398101743
-5.58271694099517
-6.11569470500507
-6.45152661986000
-7.01641584882093
-7.38596148828493
-7.54946402729774
-7.71304390711705
-8.00544779022093
-8.27380156764644
-8.40267231701447
-8.53670693273494
-8.74512034105138
-8.92795159096608
-9.05751914918952
-9.12460551663394
-9.12029401526839
-9.07131529264602
-9.02221564202065
-8.81385026184597
-8.52980519864815
-8.25855460553919
-8.01170437721950
-7.80110875912142
-7.69950271029096
-7.59328939521072
-7.39443975639570
-7.18943347594315
-7.00844690922374
-6.84999960538341
-6.70693808229836
-6.62971471703202
-6.54907059133735
-6.37066470944385
-6.15520101000879
-5.91625464609924
-5.65916950944659
-5.39638384882298
-5.27562063166358
-5.15485741450417
-4.93383127315130
-4.76859434627539
-4.65563647563691
-4.58519850118658
-4.54094597733362
-4.52883835858528
-4.51673073983695
-4.51324211070333
-4.53992435060492
-4.59581020635184
-4.67497902230959
-4.76868093527060
-4.81564245184312
-4.86260396841566
-4.98888305791671
-5.11900676623697
-5.26900629940790
-5.43349401039412
-5.60223952744034
-5.67917339080461
-5.75610725416887
-5.89005037640853
-5.99448552486065
-6.07010109181980
-6.12453581334791
-6.15624923135894
-6.16249433184796
-6.16873943233698
-6.17335286887175
-6.17093008326367
-6.15735209000845
-6.12825051997513
-6.08735031905644
-6.06583098223059
-6.04431164540473
-5.98661324570657
-5.91447839342272
-5.81371121357212
-5.68397728204132
-5.52725263275551
-5.44331352299704
-5.35937441323857
-5.17177303607449
-5.01626522615316
-4.91879432178576
-4.89711666937974
-4.94680509530068
-4.98975237388060
-5.03269965246052
-5.15244961961259
-5.26294342077453
-5.37247215736699
-5.47906302012362
-5.57919211349926
-5.62234330977736
-5.66549450605547
-5.73608989219812
-5.77838639985604
-5.79284142056443
-5.77490652532941
-5.72550642149915
-5.68948564748476
-5.65194814537745
-5.58084503943739
-5.51273429564426
-5.45037624634654
-5.39787592751217
-5.35999582020316
-5.34966958277327
-5.33934334534339
-5.32496686163401
-5.30267608095261
-5.26809371015849
-5.23655460017372
-5.21070566494778
-5.19319908233325
-5.16399188996846
-5.14162228729454
-5.12055067781391
-5.09948875782047
-5.07717851925797
-5.05694486385558
-5.05317269523898
-5.05699717712851
-5.07442214931777
-5.12279250128647
-5.16984213121095
-5.18668483594547
-5.15962693492854
-5.12867129492299
-5.09813325693125
-5.06947429214765
-5.08397075196326
-5.15238646780803
-5.26172034446371
-5.39146142239531
-5.46640510899758
-5.54759710575027
-5.65020240784753
-5.76265868940661
-5.85666922639374
-5.92746164036595