19.1117929815912
19.0056378032658
18.5067765899147
18.0019812956942
17.1908000365883
16.3748528504249
15.5669529643455
14.8440208043293
14.0945028645902
13.5853564084767
13.0156545434311
12.0266712495042
10.8183835432849
9.35388020771158
6.79909941777446
4.46069134519457
1.75909676032405
-0.338717979531375
-1.67243774028553
-4.41667648731357
-5.49371835716019
-6.16757096326036
-6.56373830234438
-6.69702513938062
-6.69039188076947
-6.64757375698023
-6.65183909217015
-6.73698027327214
-6.93706322458386
-7.18284619899871
-7.53224349480418
-7.84873597720657
-8.01906997186700
-8.20413699343320
-8.49598577445642
-8.75278123973805
-8.95196250873998
-8.88337191605438
-8.39933761714668
-7.93976430634276
-7.48019099553888
-6.40111132197979
-4.96839408261790
-1.88136744008523
2.67709222799432
6.80402496082276
9.09540711950855
11.4218540835803
13.6868791804083
14.9034147925162
15.0024420113831
14.3515022972265
13.1872566301948
12.6834590708309
12.1796615114670
11.5900770394450
11.5959894629411
11.7212327760546
11.6050219440703
11.4455117389139
10.7931720189448
8.78070500300897
6.75609132894657
5.59185585661659
4.31472999375911
2.31830597996845
1.44925595363641
0.580205927304445
-0.285278435662707
-1.15812199920654
-2.79777714795617
-4.08093529630532
-5.34811681105680
-6.20799559088501
-6.88776845432097
-7.23678005335982
-7.78706075716455
-8.10909954894205
-8.47983534782057
-8.73809471100346
-8.97808317219531
-9.16267681456376
-9.35298782397801
-9.61150097940389
-9.86869660675371
-10.0257580732569
-10.0264696388473
-9.84944494863871
-9.29143457489206
-8.60229464776655
-7.43455906298311
-6.23078933193932
-4.84629002670940
-3.56573767510016
-2.09396497935323
-0.720757745831783
0.415115539186702
4.02205094839862
6.87060975349723
9.52498518404838
12.0329511472557
13.5934840774006
14.4628271715754
14.5290522975809
14.3565846857394
13.9208703017108
12.7674775012453
11.6396192520272
10.2480998027985
9.31798130500128
8.91407505383369
8.53058159440019
8.20381194623632
7.95598916975699
7.58105841664865
7.11128929488892
6.46739645529051
6.03291589916218
5.48954350870186
4.79589188130587
4.13258162618144
3.40930402126542
1.60750951334362
-0.0498667667875859
-1.12680453385657
-3.57459987744970
-5.07574761190484
-6.18256798938720
-7.35486305493137
-8.07250070734210
-8.55815842233900
-8.66913830782121
-8.77635847610288
-8.81703603660596
-8.81851666016321
-8.86257510496098
-8.96295060523076
-9.04500888907869
-9.10735574010841
-9.16446915832966
-9.32152449463640
-9.45724408347005
-9.59518342654971
-9.65976383341483
-9.56324574041541
-9.27779003572547
-8.91379338798381
-8.46433305186420
-7.03730228436441
-5.11205170451872
-2.59649645669064
0.00160554063350250
1.63237084582628
3.26248374946563
4.86969665201290
6.47690955456017
9.78000557589676
11.4401250142882
12.4767994421608
12.4043983879431
11.5651871047810
11.0092517424341
10.4481116951041
9.50426281823097
9.21372175907895
9.46218880778052
10.1012788410952
10.6389970319976
10.7840857469811
10.9186935929975
10.5416795712993
9.63686272443481
8.04395683616799
6.31847499584514
4.25445185572356
3.23305042357219
2.18964901736236
0.325336701746746
-1.61945432962676
-2.85739243212923
-3.92163976610753
-4.66411252573947
-4.96000041552255
-5.25588830530561
-5.57039564076907
-5.90353328435162
-6.38672885645120
-6.75926004630013
-6.98880649243029
-7.21287030426144
-7.44285178239371
-7.70043562358394
-8.18491243031439
-8.63171451337008
-9.06575266100703
-9.29956744719580
-9.27233604287221
-9.24510463854861
-8.99390222701751
-8.73390112075308
-7.18303275838483
-5.49730074601081
-4.21663535197721
-2.92034780869353
-1.26948930447104
0.370702922370557
1.80992893887686
3.24915495538339
6.52072548235878
8.10229019147621
9.01491205593316
9.21754925019959
8.90729689192111
8.69323762342257
8.47917835492402
8.14664515172143
8.32065445727472
8.57861950886805
9.34788114984245
10.0227549240314
10.2047693485797
10.3867837731279
10.4519544393201
10.2002559175038
9.61825052784545
8.82429511236462
7.66902850486502
7.06007034530135
6.45111218573768
4.16072056773712
2.12930944478316
0.416372867005728
-1.25662666516482
-2.46649161920664
-2.97114851645994
-3.47580541371325
-4.52099396394082
-5.05526094351192
-5.42342064115751
-5.55355148326949
-5.62618127639567
-5.67653256834325
-5.72688386029083
-5.84440247984422
-5.98979518100357
-6.27342244509334
-6.45036615850302
-6.62730987191266
-6.74675036603389
-6.86454047457942
-6.93860933410865
-6.87350665520553
-6.45739825376707
-5.96350211302586
-4.20541573498795
-3.03306159869225
-1.75821039388191
0.925899915195071
4.81325397274744
7.98908087297619
11.1681587475852
13.1706224537478
13.7365875086250
14.2998266100333
14.3397319044716
13.6276050093857
12.5286017137121
11.5099444758166
10.4615201533253
10.1233757067466
9.78937672140763
9.47237732658558
9.17405419665146
8.81307934128236
8.12136571002531
7.26799972516967
6.64234909419489
5.84931264614436
4.46587970698703
2.84655683374856
0.846666349825449
-0.947704769567788
-2.79475411396176
-3.54680598427275
-4.29885785458374
-5.82061593556035
-6.93672256324518
-7.64643714973761
-8.19859335371776
-8.41890036036758
-8.44679790415109
-8.46821397858973
-8.44323729214418
-8.43278133413505
-8.50052258421377
-8.64320142869091
-8.88187316492292
-8.98076816686057
-9.07966316879823
-9.15495292372984
-9.19383515610886
-9.05116233178228
-8.58289770954697
-7.94916189386656
-7.62038492442132
-7.29160795497609
-6.96283098553083
-4.98436349416786
-3.80144153303206
-2.55529593811561
0.305877896677269
2.26683518226238
5.22129382853197
6.85536511713040
8.13364691516771
8.76344945939799
8.88657523496865
9.00497207757926
8.94191939015632
8.58087909006775
8.39743143591610
8.45228414281538
8.55862858865207
9.00985202314346
9.68728455673598
10.0225993746943
10.2984619851477
10.4358358951902
10.0593898935338
9.30823858074105
8.01507542026865
6.65228006075399
5.67043054332594
2.74970704763579
0.775299332584974
-1.06187696566244
-2.96261628396124
-4.43056191645490
-5.79870789611173
-6.34092758421651
-6.90098967664805
-7.75210951248000
-8.32631667786503
-8.58556355178628
-8.65620800626951
-8.62247611977459
-8.59347323878096
-8.56440711256990
-8.53563952280571
-8.52960438443673
-8.52644518957426
-8.53750913523371
-8.59827651880584
-8.62443826888218
-8.65060001895852
-8.60420036068023
-8.45729876328785
-7.91204898454445
-6.58750482451761
-4.84592534337600
-3.58004379996601
-2.31416225655596
1.59852313522979
4.82745366626427
8.21659817306115
10.6612296402099
12.2271289085940
12.6751058999090
13.0988930647499
13.2054366918752
13.0205237087221
12.8195389766378
12.3869707082916
12.2532412187710
12.1275342059026
12.0529239253147
11.9629510766799
11.7574841687768
11.2046814417994
10.5233189538736
9.41835575732519
8.21713830994712
7.27469388574660
4.65494169352622
2.68300963767486
0.781440563272113
-1.31611455037991
-2.98764652785672
-4.50546066653225
-5.15558275739988
-5.86737395685582
-6.84272705111838
-7.62524686052684
-8.05958931659466
-8.18442245803779
-8.07714321484413
-7.96580740214409
-7.85447158944406
-7.67462540605368
-7.65866887940123
-7.81339911450644
-8.02388849153513
-8.14571228441616
-8.26600842979937
-8.35969875126567
-8.45338907273199
-8.58424996221740
-8.44925667531134
-8.13756650791124
-7.80520880085999
-7.11637374931477
-6.40732997575673
-5.35502870095833
-4.30272742615989
-0.535503618174252
2.80846831939193
5.96173362571437
8.36697851313043
10.1756423804186
10.5359908819704
10.8963393835223
11.2310071296481
11.4284233479365
11.2304022584959
10.8426815377482
10.5687428513754
10.4776344642206
10.5139252067214
10.6856343118152
10.8369658770918
10.8686098957026
10.6747196670132
10.0597062923462
9.36063565179945
7.40370503635425
5.79586139783254
4.77945668155496
3.69701171322139
1.50310868720654
-0.317708353944135
-1.66421462988926
-3.99417274460228
-5.69804371453526
-7.09069286536585
-8.18499676523070
-8.99053967728477
-9.58423412611432
-9.77970604978496
-10.0425838112060
-10.0124528155358
-9.87859252133606
-9.70693788559039
-9.48137830836319
-9.28836156815276
-9.18518844652221
-9.07366561056188
-8.89674776478096
-8.76827927517524
-8.70505892695407
-8.72520498972523
-8.80813964758189
-8.84656817897732
-8.88499671037275
-8.72454051881038
-8.07037834385104
-6.93120176701599
-4.50489845320477
-1.45098775809705
-0.0112057879568848
1.42857618218313
3.09558668914157
7.20579607952786
10.4600613197849
12.6118355591715
13.9397871626097
14.1236509469740
14.2865405037924
13.7037355718337
12.4775679168783
11.2676736211875
10.1161993834611
9.46552214642295
9.37158606113583
9.27764997584872
9.54538281770423
9.92450190439857
10.1339759535222
9.95859247060707
9.27221677847359
8.80984354564508
8.34747031281661
6.58294604707327
5.55082603080041
4.46920389339704
2.19987990148617
0.338523510400071
-0.369377333955956
-1.07727817831204
-1.91450258930455
-2.87682606852648
-4.02567670113250
-4.80751493195771
-5.14541375514812
-5.47728812341562
-5.70722180461866
-5.93715548582171
-6.46616358721534
-6.84594575049204
-7.05163543224984
-7.27150193460550
-7.67101705698567
-7.80967890130068
-7.94834074561569
-8.10424975832549
-7.87544667561930
-7.32435371601769
-6.19890276805060
-4.80558375387015
-3.96102836820360
-3.11647298253711
0.747898404713953
4.15514823796326
5.93044778304905
7.79848930158512
10.8331838491623
11.5406328241404
12.2480817991185
12.9704912231419
13.6169744561920
13.3383553472133
12.4312648957478
11.5970054554604
11.1184633695562
10.8305587953317
10.6570936319254
10.6101096658697
10.5594308448258
10.3545162545380
9.78040679167088
9.13516348322037
8.34596179700044
7.43220480163943
5.50580167247122
3.60946408879089
1.35764390433463
-0.520621638668342
-1.60655108977417
-2.80129460433421
-4.25669747148311
-5.53740746556129
-6.58954158043946
-7.21216219110090
-7.60377389396825
-7.71169346420877
-7.81961303444929
-7.99063073947239
-8.05536552559798
-8.12059198555822
-8.19423390636976
-8.26917224267376
-8.36613098888916
-8.46308973510455
-8.74842758471595
-8.92391300258875
-8.98584084117033
-8.91169198589095
-8.77791936390243
-8.63417214887707
-8.32002713924194
-8.00588212960685
-6.12092821551602
-3.63649057146197
-0.867738776995357
1.89085910886764
4.73170531457217
5.98313749650257
7.31158558010273
8.94276597152652
10.1801564800954
10.6685016190431
10.4886098157982
9.90885423159966
9.58536551657257
9.26187680154548
8.96192105440533
8.70398378196031
8.46881554596020
8.39569950569840
8.58934713596640
8.68922005032862
8.78909296469082
8.91874324043537
8.77040624964290
8.31563694070656
7.51983212554510
6.48003000569173
5.53908994564347
4.38084239429967
2.86367176644474
0.965900540150250
-0.930767013306853
-2.44719465368605
-3.85277656475331
-4.55735758131781
-5.27752910960296
-6.02709568266809
-6.85320403715116
-7.16568522393385
-7.48997367392612
-7.87637380410871
-8.05843865019011
-8.25955311159530
-8.50236215181645
-8.79995500186994
-9.16261559546065
-9.44261205377982
-9.55484667557928
-9.66276253693733
-9.70001867885131
-9.68875074687159
-9.53949684824740
-9.18967574502980
-8.89084996356779
-8.55563936853722
-7.65080266400308
-6.95234061266011
-6.15319279965064
-3.67791587999832
-0.0848163065085790
3.40086135190992
7.15834719989264
9.89535140895291
10.9814030940059
12.0750033298240
13.2869148885351
13.5294529337350
13.0542369756596
12.2218119287669
11.1202970368445
10.8083975579939
10.4964980791434
10.1845986002928
9.18089340647233
8.78017920693518
8.63355086643256
8.59597565948376
8.47363316688396
7.86484144658091
6.88196165055997
5.61891366941461
4.00593607676133
2.38041655705029
0.521138082159459
-0.518097070961456
-1.67251314140188
-3.05389215562743
-4.74236255039430
-6.02316233170393
-7.16662234223641
-7.90670056800283
-8.22289816036883
-8.54212939745466
-8.85224273963658
-9.02577580284914
-9.09097834272928
-9.06910340180144
-8.97190324903650
-8.90366581359928
-8.83206857342201
-8.75291287675213
-8.76339419474805
-8.86101581618508
-8.99817418387428
-9.01784039991966
-8.90831710289745
-8.42512310037518
-8.13133556374106
-7.83772463069038
-7.46867300597157
-7.05184137067667
-5.89641716611080
-5.09007250322152
-4.28372784033225
-1.15215266249342
2.48903768199262
5.69318955648674
8.94263504598284
11.2339017624822
12.0058211315152
12.7777405005480
14.0268496662831
14.1842287638337
14.2998584629043
14.1456878580087
13.9680580047185
13.7939560388102
13.6571582154025
13.5203603919948
12.9742566084398
12.3251361593455
11.1310447197912
9.70726382239208
7.84082675580205
6.87997442341336
5.91912209102466
3.62364572206156
1.51043146023538
-0.0373239276031472
-1.40360109801676
-2.33421425942651
-2.76046994413619
-3.18672562884587
-4.17278281196315
-4.95711770029998
-5.80962113813589
-6.50559578644866
-7.17611567746515
-7.45151647392348
-7.72691727038184
-8.27063284046120
-8.75373464654226
-9.13027418960359
-9.45314431080913
-9.58863937987244
-9.53677652294677
-9.48491366602110
-9.26757606961456
-8.86757081449841
-7.85330870531647
-6.74194720278439
-5.34918531361093
-4.58976050863713
-3.83033570366334
-2.42618379771328
-0.603981358177756
2.22246289829132
3.66307137430594
5.07022124408966
5.92176975125103
6.77331825841232
8.30481116177207
8.76470310737156
8.89349624422188
9.03211312590809
9.30166691358033
9.38327235108924
9.46487778859815
9.52881572468522
9.51609387216834
9.46742538882214
9.03235818777282
8.32550034761920
7.44245391437567
5.46339540228960
3.53930395175119
1.78830166527670
0.0985449839346254
-0.623596390910601
-1.36810579781404
-2.25245190114516
-3.06255510135118
-3.86507245541182
-5.12313826788138
-6.14939734571998
-7.18322532532289
-7.92463070722870
-8.31120893873670
-9.09935747142407
-9.47412929100477
-9.75264751585345
-9.96153779993301
-10.0187254021354
-9.91243060852778
-9.80093917505825
-9.68944774158872
-9.26299024914600
-8.58055379274855
-7.67377727791871
-6.14224801059905
-4.45523732293730
-3.30149532985777
-2.02714807063739
0.681044084855427
3.15028384899416
5.73180825758098
7.68094502846768
9.25045543373873
9.60694876251283
9.96344209128695
10.2121353010324
10.2643285316507
9.81928396968625
9.02889263570413
8.37132784234414
8.17944327532398
7.98755870830382
7.85646317784853
7.79501081366706
7.99592968554480
8.22742986133365
8.29620139752773
8.14805084893181
7.92847681280884
7.12829241572674
5.68752877105778
4.12530167313643
2.06755638164628
0.235229738684319
-0.610046958415361
-1.45532365551506
-2.41444673096943
-3.43602925754432
-4.90166762556160
-5.99635996253520
-6.50143529158481
-6.99985167404950
-7.38830797359063
-7.77676427313176
-8.57744895023000
-9.01829970248692
-9.16698621391391
-9.31506765500914
-9.43572565690124
-9.44815467810686
-9.46043192669084
-9.45288802900154
-9.39359588009398
-9.23611580866596
-8.80148715812589
-8.17798218775043
-7.67880888062045
-7.17963557349045
-5.02681557557999
-2.67168217177041
-1.02044741782594
0.756123188142694
4.23018265711541
5.61569863516132
7.00121461320729
9.41471475843993
10.6304637548602
11.0161816830716
10.7800917022527
10.2136858657249
9.85415672031961
9.49462757491430
8.69717260458318
8.56618303613666
8.93468580812385
9.61628491113209
10.3951702651193
10.6008708545601
10.8065714440009
10.8208884363050
10.6824416789011
9.99348348250960
8.64461823678919
7.19120561881663
6.67231804394470
6.15343046907275
5.63454289420082
4.68550626097102
3.06803971775628
1.18991972685809
-0.851313464318165
-2.18496678155997
-3.29375023821395
-4.34106878061549
-5.83275814672320
-6.81172948573178
-7.18545266424059
-7.55340943125556
-7.82956219531694
-8.29167850027276
-8.50215566454717
-8.62224178904090
-8.74961900635470
-8.91091963036380
-8.89169673331002
-8.85959681293411
-8.59968189116803
-8.16680154747864
-7.14847000973515
-5.61901180337989
-4.46225349792411
-3.28943258271361
-1.87730687257147
-0.464293605010566
0.963766708704965
2.39182702242055
5.47083441725211
7.45185111799839
8.84011615461111
9.34230790106866
9.13537765960886
8.76181107097890
8.29030887784311
7.55989193300259
6.81143708352251
6.51781119523852
6.57587805198930
6.64175040055713
6.83603875498772
7.03266396569055
7.19767149344665
7.08903069096325
6.56728208478105
5.79552539696446
4.64718790640597
4.02968567585304
3.41218344530009
1.59405766487274
-0.0759555599234980
-1.42962269126215
-2.66606462436694
-3.46112234670022
-3.73705337619157
-4.01298440568291
-4.36176428474008
-4.76462521923929
-5.41474644841855
-5.97928946495817
-6.57859950578230
-6.84861397621602
-7.11862844664974
-7.43314533805907
-7.76997052301616
-8.22692585559748
-8.61422247945074
-8.74902517767399
-8.64605646967275
-8.54308776167153
-7.71472157345870
-6.63482667418630
-5.81673007378124
-4.97714661776828
-3.80330737484746
-2.63312878298475
-1.52284250981968
-0.412556236654607
1.19525753169893
3.53530845783703
6.40247298438196
8.22871753317601
9.31120215397642
9.48606914375718
9.66093613353795
9.51469187677036
9.17767547188994
9.12229902405396
9.82227423794875
10.9496180292039
11.5579182854025
12.1662185416013
13.3637593742062
13.4157587321264
12.4957314087161
11.0363835470340
8.93705203770901
7.91455679372952
6.89206154975003
3.90485402832996
1.54402280280220
-0.242037998335610
-1.77808607448415
-2.76024612044256
-3.03221983732393
-3.30419355420530
-3.59107068643072
-4.21758350160109
-4.67059140555590
-4.90326324764659
-4.99509304662263
-5.01054194751762
-5.04922438501716
-5.10627956863070
-5.36823923287365
-5.73372630575042
-6.22512727465791
-6.60869321821328
-6.75450650460088
-6.76293121492258
-6.62674671225992
-6.18336460040493
-5.42312754502698
-4.47800674465609
-2.56829974567534
-0.821615028312652
1.45715612497153
5.16403364050768
9.91049971295418
13.5274675435673
16.0183071776256
17.0963721191744
17.0431840710928
15.8450105226990
13.8824948255683
12.9561510386097
12.0192456184934
11.0695189380862