22.9940096501140
22.4590625367537
21.5835438574877
20.4239813558455
19.1845758101891
17.7272675071376
16.2551014405427
14.5310106242796
12.5603046649711
10.2623606596640
7.58559165671716
4.93320742579668
2.08949927129990
-0.717428610705665
-3.40375136992095
-5.75984010100350
-7.70201719111896
-9.19369304600426
-10.0188000772078
-10.2910931930224
-10.1690685205783
-9.85983049684134
-9.47049063007780
-9.05387963006790
-8.59725083292307
-8.11751799726581
-7.57117496960026
-6.94913437665582
-6.40767236021772
-6.09523251053662
-6.09938605888478
-6.42078139140532
-6.89969224385040
-7.50922816205327
-8.13570947080182
-8.69751703361641
-9.11589261474795
-9.38259962064226
-9.56740953120143
-9.69415505896557
-9.60590487718049
-9.05381920215834
-7.98885607221672
-6.44655278429209
-4.30050663538641
-1.86409875480190
1.42214833839667
4.60654504801441
7.74155648517304
10.6655865276492
13.1308540513181
14.9367924920072
16.0842161777500
16.6190212515494
16.7443778791462
16.5610332092699
16.1521862139107
15.5496608230901
14.7676155106737
13.9894471936362
12.7936239581540
11.7268186019388
10.6288860144787
9.50473185957934
8.24356216602560
6.77381983352652
5.30315142354773
3.33906026203237
1.56700979339120
-0.126810258130848
-1.67391042685300
-3.10339510432377
-4.46489718648944
-5.59522487237505
-7.01899358600901
-8.07576394642396
-8.94632331246271
-9.61010471377569
-9.99599909720125
-10.0495298417333
-9.84061276236450
-9.30138381468883
-8.59153703416140
-7.74447078171675
-6.86112770684747
-6.06461710205382
-5.41764831906478
-5.05574511090121
-4.76330535383281
-4.78480247205890
-5.00496882317524
-5.35737825810062
-5.73871129617658
-6.05473325947889
-6.24966135461347
-6.62722726135244
-6.75275354066267
-5.95450837927122
-3.96804717189125
-1.03462264592948
2.49212334235954
5.51240223280172
9.91702632612827
13.3337676048610
16.3156980225749
18.7054816199628
20.4547657377830
21.5762353957858
21.9914966945303
22.0309310042421
21.5003303021997
20.6022885258111
19.4401634698729
18.1317921139980
16.7018575174086
15.5856484168828
13.5542342100162
11.6968881783278
9.64997572454919
7.41811640086391
5.02037493757145
2.51016783442498
0.627360094058951
-2.31298028382960
-4.39965804556570
-6.15847380839347
-7.45221714403002
-8.23335309752340
-8.56428204185440
-8.55664158031691
-8.24795451625720
-7.72626901803878
-7.06025757069872
-6.34769272568041
-5.62590806434227
-4.97550328791516
-4.59780896596217
-4.29951119175088
-4.05826821851789
-3.86868520910156
-3.87518273735772
-4.05854839509783
-4.38062157927251
-4.65422650471950
-4.91501413263520
-5.16517295578299
-5.54156358474573
-5.79054689043637
-5.50542077728498
-4.47317180949997
-3.36798786492464
-2.13758749694821
-0.786550271840226
1.46416504912951
4.01549717652755
6.89354377661512
10.0720968632956
12.8843156400023
15.5667751447287
17.2306337141471
18.1519986396726
18.5022198680617
18.4298365696684
18.0367494484347
17.6308513848153
17.1345542627514
16.4909558366231
15.4599607569024
14.3356427741054
13.1416785275824
11.8504869223794
10.9363024164902
9.90253878198412
8.68392203667308
6.79358686380041
4.70657325673871
2.55126821724359
0.357424382352600
-0.871819998393639
-2.16287606753827
-3.59477112258163
-5.03581418182356
-6.01618687553220
-6.64408673265123
-7.03996508735738
-7.12703702404072
-7.17934115346993
-7.05801871054293
-6.62381325513737
-5.96425100551783
-5.20632731027032
-4.43620984083102
-4.09467619886422
-3.75191637417330
-3.40346296514013
-3.20216385197785
-3.18228173139776
-3.32344558409816
-3.60676197341505
-3.86473761531789
-4.12653621157352
-4.40122385776431
-3.73823497366189
-2.06757599700989
0.488170171230260
3.55031031400430
5.28192235613908
7.15209819362538
10.1179035824946
13.1275292159329
15.5904060894492
17.3912829312124
18.5470758649515
18.8457170119313
19.1393566290605
19.2154842871314
18.8438233025367
18.1230745428375
17.1594881465403
16.0063320012704
15.2726878671737
14.4335969961358
12.9863687749669
11.0512624282037
8.90226390050137
6.55521393512599
4.26578308838788
3.04747121857355
1.76118041534576
-0.383089866178360
-2.50100545344703
-4.38295340093818
-5.93200003029490
-7.06415694266514
-7.43393071667744
-7.80370449068971
-8.35761285543025
-8.66418843016607
-8.74799173123687
-8.59063178842217
-8.20166024023821
-7.91184758714250
-7.59509289420202
-7.13875734566859
-6.73250017339305
-6.48407929842050
-6.38267782835206
-6.39111100149221
-6.44043783310281
-6.49186690829678
-6.70559349799988
-7.08218698702843
-7.60927840839704
-8.04914352874286
-7.90757807497497
-7.42590517886947
-6.94423228276397
-4.76403526440764
-1.84157295496369
1.71703845588698
5.52852251412608
9.14521092827315
11.1531246245804
14.6125042029797
16.1625175430179
17.0339536877960
17.4302212853065
17.5155597729186
17.3949526675625
17.2746900631052
17.1544274586479
16.6186658699669
15.9386317972518
15.0505418246446
13.9404178568550
12.5814541986911
11.8083792415786
11.0353042844662
8.89377657572959
6.65578985905489
4.31217479073754
1.92935723030433
-0.396525638622929
-1.39944258201659
-2.40235952541030
-4.34397961247363
-5.61097674248096
-6.38329983954104
-6.86122068377697
-7.15702201734993
-7.19688625635555
-7.23675049536116
-7.05066545654188
-6.58247895256163
-5.93795389980175
-5.23649561829483
-4.59507308179747
-4.37432610805849
-4.15437969891474
-3.84762666726655
-3.81123888919771
-3.97705830451771
-4.30454094081663
-4.77082289679485
-4.94748753706024
-5.12415217732563
-4.95479109776765
-3.78118674227040
-1.65483771120872
1.21304632584545
4.53693648609634
6.21117995331900
7.88542342054158
11.3011991930938
13.9199945597056
15.7042850179517
16.6691975639829
16.9633924645352
16.8876166179663
16.7886573727422
16.4614804307730
16.0178457372941
15.4933445326613
14.8660786816430
14.1077051741310
13.6225645110515
13.1374238479719
11.7008545627864
9.90883204162652
7.86523126437610
5.68606126585121
3.49112402951543
2.53414213223038
1.57716023494533
-0.807014679349958
-2.79461406311574
-4.61791708433593
-6.13655452455176
-7.29462103872229
-7.64786228444974
-8.00110353017721
-8.64480100036374
-8.82762593113464
-8.60593336879293
-8.28569642817708
-7.96458174660518
-7.53323835585424
-7.10189496510332
-6.63969233600524
-6.17353662320966
-5.44358604050572
-4.89822069267867
-4.51295473006439
-4.40720828228030
-4.30146183449621
-4.28201613187470
-4.28483363113725
-4.38961895231436
-4.12564861136526
-3.21563758609377
-2.40351743832390
-1.59139729055399
-0.210934856367858
1.27324404852510
4.84578551776612
8.75212496063358
12.3032154051370
13.6659430934519
15.0286707817667
16.8071638538955
17.7097868991178
17.9927806106422
17.8294117345187
17.3494609820731
17.0883093382536
16.8271576944340
16.4721363588591
15.5895183898044
14.2773988551446
12.6802227586067
10.8449411115984
9.43491383019300
8.03317225610129
6.62902804698782
4.34465246896989
2.05835183424965
-0.150661920233718
-2.22485902490606
-3.13746997451276
-4.05008092411941
-5.79344494561119
-7.30055921944084
-8.63811780297482
-9.78720280470760
-10.6438487677033
-10.8467637756624
-11.0496787836216
-10.9585564211194
-10.4488787600286
-9.71390982956975
-8.92303029125552
-8.21832372338636
-7.94589798546865
-7.67008083450868
-7.32924920007742
-7.09962265747570
-6.93539532655289
-6.78722865816530
-6.63331991297526
-6.61832044131357
-6.60332096965187
-6.66395625032634
-6.45454073176559
-5.69431542912085
-4.44396336226983
-2.74751361256242
-1.70928048097671
-0.671047349390995
3.07082305856677
7.40539058102147
11.7980443770082
15.3136567483459
17.5646919393834
18.0916224407802
18.6185529421769
18.9947196406067
18.9206383635066
18.6450116752483
18.2182440692229
17.6338948509749
17.2345941339192
16.8280061253192
15.7657812187354
14.3604382967058
12.6470723967567
10.6687500674149
8.54731735223695
7.42085963687997
6.24177904457955
4.09777069961129
1.77490767020574
-0.284344984546589
-2.28944362407432
-4.00646092049998
-4.62980544758362
-5.25314997466726
-6.52835385672781
-7.30826335078995
-7.62697332674027
-7.38592308288553
-6.64438791667609
-6.18797361123825
-5.73155930580046
-4.84871940218134
-4.26240970927180
-3.89503882318226
-3.71409603803711
-3.68891008269348
-3.75133277123677
-3.81375545978007
-4.16137506253358
-4.78007891272551
-5.51657069027506
-6.05923600553950
-6.32093010476930
-6.25346407242449
-6.18599804007968
-5.19420952528302
-2.95518188598414
0.424331117249650
4.45023484789542
8.59511838122059
10.0667160885910
11.5383137959613
14.6216335852445
16.4543737525318
17.7417933238374
18.5386107517842
18.8369229288473
18.7409485808697
18.6449742328921
17.8894490715389
16.7670611553112
15.3124987930870
13.5729953615280
11.6579961502066
10.8248006190251
9.99160508784359
7.36479597147482
5.05046747445072
2.71206379337711
0.385818413007488
-1.88924551405541
-3.32374384153567
-5.91045243939992
-7.45642107528371
-8.72922356838747
-9.81017136821952
-10.7589421981122
-11.4970026460757
-11.6584853486475
-11.8153655738965
-11.5506929688013
-10.8150445673428
-9.88421231808428
-8.97397960029616
-8.23799089250109
-8.00083822950663
-7.76368556651216
-7.47118104449305
-7.36035696516169
-7.37974012584757
-7.54629688347219
-7.89046272802561
-8.12876134957267
-8.36705997111971
-9.00724763436466
-9.52685777084107
-9.57983134209544
-8.67072612105581
-6.62801333350543
-5.27105139676605
-3.91408946002659
-0.0675420541893209
3.29100652867542
6.20358057042115
8.49391158837301
10.2598058465533
10.9837992579598
11.7251368219093
12.8495188934208
13.7159880741785
14.1905146914349
14.2736308976320
14.0212591290189
13.7543351169613
13.4874111049038
12.6586966806452
11.4943377284597
10.1518116666000
8.53602888908647
6.77075526732852
5.85817431922420
4.94559337111982
2.82134346609284
0.704265074900538
-1.44000566538911
-3.54923277583498
-4.54389652035271
-5.53562279634225
-6.23054485430762
-6.92546691227305
-7.74250885358616
-8.67202859879263
-9.74173519225099
-10.3933735626111
-10.5329300576359
-10.4067973474640
-10.2806646372922
-10.0474747660973
-9.76121521440048
-9.31923512393632
-9.01635471768313
-8.86084077490250
-8.82558758168317
-8.79033438846385
-8.75027097504343
-8.70876195217969
-8.66255130502647
-8.71580157025641
-8.82745125393858
-8.80220811227167
-8.77696497060476
-8.32827162430854
-7.37305778528941
-5.74124212836490
-3.32059935247124
-0.280488056795443
1.27989055447405
2.84026916574357
6.19281001340843
8.79072293807224
10.8253464000065
12.4024439560188
13.5922214478142
13.9509021841860
14.3095829205578
14.5350244262882
14.7121951911582
14.6378020553905
14.2552006721017
13.6277777396993
13.2796817598758
12.9315857800523
12.3655286598333
11.5521812713210
10.0579438736038
8.30798938803857
6.46340560613249
5.07193943007574
3.59251036928078
2.01247070207791
-0.420574772726253
-2.78391900140081
-5.04874226348090
-7.07219898690287
-7.95698197450838
-8.85954413077235
-10.0049203675140
-10.6956541570744
-10.9788421864879
-11.0049105594651
-10.9229041412731
-10.8839834222518
-10.8451214401224
-10.8216217840326
-10.8275950457738
-10.8041054532026
-10.7074497568869
-10.5325611380978
-10.4307033358491
-10.3301726625159
-10.2397936077913
-10.2661791020857
-10.3791091347749
-10.5213682391999
-10.6432684512543
-10.6506374473418
-10.6358023342200
-10.3477614987750
-9.41670119290152
-7.59521676674348
-4.80939558751265
-1.27382441572030
0.640597388462102
2.55501919264434
6.27378455042634
9.33889046115384
11.8586442058553
13.6694041724271
15.0793378828624
15.6124489774164
16.1463163126224
16.6819284623794
16.8489475161089
16.5466387183387
15.6862278223425
14.4374038516921
13.5648879329520
12.6923720142120
10.5547408740043
8.15152630654188
5.66974185408972
3.20312611711231
0.866508057073530
-0.212553783110951
-1.31128849349254
-3.13239304553868
-4.67631899944281
-5.84776946901364
-6.65615421301624
-7.08099267306210
-7.12394837756675
-7.16690408207140
-7.08131478748226
-6.96601607524151
-6.93437509766800
-7.03909531174772
-7.27461369652868
-7.42049115714571
-7.56636861776273
-7.94487823892365
-8.33243776717703
-8.79340314291365
-9.29173773747434
-9.77562921471307
-9.95958730504881
-10.1391510519331
-10.1434006680663
-9.39111407244958
-7.37488461520144
-3.95466590985409
0.316843959923646
2.27833730799536
4.23983065606721
8.47831886901572
11.6939143037470
14.4576285975268
16.7365724906112
18.4388793324309
18.8521331865920
19.2653870407531
19.5934784034197
19.0094164489987
17.8327317313730
16.1830717093871
14.1319662411018
12.9832529477750
11.8345396544483
8.81855806159897
5.61344917892624
2.35122260292050
-0.769855429570787
-3.51140745235575
-4.27502954029988
-5.03865162824408
-5.80227371618821
-7.60696097528972
-8.72986632749277
-9.26564081437193
-9.43876245964671
-9.38204675123918
-8.99717961551348
-8.43715308332464
-7.82955913697346
-7.32594473394744
-6.97093530586718
-6.73956164861833
-6.67567108648857
-6.62053445315662
-6.63200218104031
-6.80506783378980
-7.16738236676675
-7.71642474075766
-8.40611055989346
-8.71912078209266
-9.01883688413051
-9.09339152327501
-8.35559087615699
-6.83824715296012
-4.67285717674712
-1.95439147395822
-0.585744314173014
0.782902845612162
3.92993027248919
6.79781986950403
9.41460504941487
11.6117249872332
13.3051903993210
13.8764305264774
14.4476706536338
15.0960946985804
15.2858209462449
15.1632166735634
14.8064695678226
14.2428204192918
13.8298054948632
13.4167905704345
12.1691041050045
10.5400013936698
8.56420197820929
6.35799052494150
4.01771108144303
2.90566496875958
1.79361885607614
0.477173456025025
-0.895880034930916
-3.22293001688040
-5.35410518530981
-7.27641145062115
-8.08328634167657
-8.89352359998032
-9.99701392970050
-10.6045479747684
-10.7937445025343
-10.6339488574301
-10.1870973816829
-9.90927373785130
-9.63145009401968
-9.30073130767821
-8.95609015775227
-8.42204989935795
-8.00309197043690
-7.70608107317093
-7.64164591779786
-7.57721076242480
-7.58237872097001
-7.61795636203692
-7.83872042354504
-8.07511615270121
-8.09397849138596
-7.73949552301815
-7.38501255465036
-6.34641845642891
-5.08825330704430
-1.79225483289831
1.90169901935894
5.27781591533221
6.57944508131194
7.88107424729157
10.1814204140448
11.7956968859474
13.0148752102276
13.8163964566997
14.1897162650555
14.1908536888704
14.1919911126852
13.9023149847394
13.3988215044309
12.6962848915903
11.8017371516888
10.6917122590270
10.0608953313013
9.43007840357550
7.64012121970634
5.77369238106208
3.71708243933000
1.71648641856496
-0.361914948149939
-1.23705284848448
-2.11219074881902
-3.11325706699146
-4.17569025150727
-5.59077300783190
-6.68368651972733
-7.48464799891590
-7.69322383666677
-7.90179967441766
-8.09525841476919
-8.26744806729904
-8.23441703917323
-7.94628483714357
-7.48887226830841
-7.16192506982145
-6.91698107903677
-6.73345030080570
-6.69866525616208
-6.89783902688069
-7.26251376827875
-7.70181664995594
-7.97167065755277
-8.25381440730393
-8.54886728895041
-8.57105763166706
-7.75002418728768
-5.71630370029876
-2.51233419014700
-0.642198657122413
1.22793687590217
4.95835485808645
7.89517861456413
10.1708161343818
11.9751634855747
13.4906808065855
14.0762866688589
14.6618925311324
15.4263121464279
15.6210244506324
15.3732192705488
14.7899444173625
13.9792106609941
13.4900477268983
13.0008847928026
11.5958312973060
9.91240806324247
7.91462184990407
5.64688521715443
3.17530705396946
1.91637972384959
0.657452393729760
-1.91210837794845
-4.16051178159211
-6.06265180158556
-7.50345028100946
-8.49726542521920
-8.78761030834567
-9.07795519147214
-9.39758756314427
-9.28847782181556
-8.82209974257348
-8.10115276449618
-7.29113882590258
-6.95773056278698
-6.62432229967138
-6.09050071498552
-5.86801094112437
-5.88956070822878
-6.13918849492194
-6.55799743253072
-6.81281307297551
-7.06762871342030
-7.72807778495129
-8.18624041460702
-8.26954393247955
-7.83227859871952
-6.72814803598465
-5.74393138641384
-4.75971473684319
-1.41281619136717
2.50041651309121
6.49672932010343
10.0009858124539
12.7928991816349
13.8063491431069
14.8197991045792
16.6364548048404
17.9114606763675
18.7450379245159
19.1818129893514
19.2934282703355
19.1820538445249
19.0706794187142
18.3923724289189
17.2860543847029
15.7078171876231
13.6088615825829
10.9863583616601
9.51699463300485
8.04763090434955
4.82941549417064
1.88472217373658
-0.771737120408324
-3.12577939190285
-5.14931135089347
-5.80575499564452
-6.46219864039558
-7.43694275658611
-7.43253395387442
-6.87698647490510
-6.03311673632704
-5.18277391293176
-4.92201692203810
-4.66125993114443
-4.10258492604660
-3.83817100939448
-3.64303001962502
-3.44631283617834
-3.24593924723769
-3.14700786798368
-3.11193760772410
-3.41575998171604
-4.00059961330932
-4.58257657110810
-4.73263805984330
-4.02675812269674
-2.98143672980419
-1.93611533691147
1.78667935834432
6.19361054800328
10.4326536900752
13.9746581943740
16.6342816360238
17.6468732687499
19.8614038958463
20.6760124364028
20.9819481757251
20.7204363522985
19.9298174413046
18.7220354938740
17.9727740179537
17.2235125420334
15.4659581048096
13.6101661861380
11.6549533323756
9.61757974228116
7.51908293734405
6.42482917646428
5.33057541558446
2.79858003291080
0.215125636524923
-1.07378301999396
-2.37456002631168
-4.73701683466504
-5.72211280894025
-6.70720878321547
-7.60694126428397
-8.50101883362511
-9.71324955430503
-10.4511356955288
-10.7910658736217
-10.8165935683000
-10.8421212629782
-10.7871440961590
-10.7230293985462
-10.5355218207346
-10.3493964194342
-10.1971722871239
-10.1437913423974
-10.0904103976709
-10.0514210673274
-10.0151391501503
-10.0174019494963
-10.1149177430345
-10.3120560417629
-10.4483258221907
-10.5845956026186
-10.8071096302799
-10.6448735017452
-9.82135094446967
-8.08600830872339
-5.42514188692480
-4.03193191593092
-2.63872194493699
-0.812878435542507
1.26766262127266
4.41261128681423
7.13053508034018
9.39790975586410
10.2200740457812
11.0422383356983