19.6823353201015
18.3666100502988
16.6112481134551
15.5319439703789
14.5215964738300
13.5711110240610
12.2549168876396
11.2744678134653
10.1233099361722
8.99982685638116
7.78996243777644
5.55132307471072
3.01250328604348
0.862205197905786
-1.38592292648725
-3.24337297977704
-4.73042818647344
-5.63387563232285
-6.88653764075971
-7.44071963180271
-7.75411160963641
-7.79819609114880
-7.73907442108843
-7.67971097346223
-7.58746908890374
-7.50219023087709
-7.55975371926756
-7.67829916810861
-7.90366448104970
-8.17287408561890
-8.59360444375594
-8.89953471335164
-9.53753458064795
-9.91679950323902
-10.1944664280564
-10.2129614676740
-9.88364872342467
-9.14625660938285
-8.20678980386478
-7.25800254196887
-6.29668326355226
-5.31205574346644
-1.96828882615458
1.42052211838411
5.66413000402389
8.43179682310624
12.9342462386649
15.2493630140450
16.7373625012443
17.1373012903908
16.5920973656958
15.5930856092041
14.6693993350360
13.6392768673523
12.2379861643446
11.0743078759538
10.1031649747579
9.66711727781888
9.18436035502873
8.68609631130297
7.99890004191343
7.10467698165730
5.24348278837489
3.54951048016893
1.74670491341814
0.494580591789169
-0.168165653483292
-1.42001651342802
-2.14123424365244
-2.76365324891572
-3.05979790569295
-3.35117556711895
-3.94818336076219
-4.30310387839196
-4.71854515595127
-5.27703365181704
-5.68851513932550
-6.09971678181250
-7.02838864072357
-7.73993105378339
-8.17085626870935
-8.57439558172828
-9.02004767284134
-9.17301085066282
-8.97070693939031
-8.39783039401567
-7.21181281231546
-6.26526633886030
-4.47074959120116
0.303885113395374
2.32574249703484
4.21659716287353
6.33225762202161
8.48555192515839
10.1776215418929
11.8894108613346
13.6735405316210
14.2688543295259
13.8182549592770
12.8642801674845
11.5331037107793
11.0438645424289
10.5546253740787
9.86125775445534
9.84168521209743
10.0471967639774
10.0643538090832
9.63976458914716
9.08252224233708
8.49328596614756
6.70277413161158
4.73767092941568
2.27172292050292
0.180767461994088
-1.85059621745022
-2.61833850661711
-3.40273605703981
-4.39973776331169
-5.13073685592775
-5.55547482081038
-5.96223664906951
-6.29295677344352
-6.70135384544099
-7.05399824077260
-7.46496820587302
-7.80425545111720
-8.19505656311038
-8.54108875308158
-8.73705186926386
-8.93363404559554
-9.18296441603779
-9.32920349555505
-9.40793254388594
-9.21123323645824
-8.84656067441005
-8.47226325102804
-6.96584717907178
-5.91847421572749
-4.75229281963516
-2.38180782154424
0.762349718140923
3.65128416501304
5.04635258486296
6.44278063951077
8.12713305888856
10.8965677529527
11.4809919530656
12.0654161531784
12.5191752766926
12.3311654346948
11.5824680607233
10.9353493226252
9.69897035106313
9.10581082244098
8.97374091310056
8.84206315055441
8.77381230127959
8.63488281624838
8.29216556858143
7.73845547166590
6.83330725776307
5.23841149468363
2.98155884105787
0.880940722747587
-1.39095261710632
-2.24366022544352
-3.09636783378072
-4.85517131094984
-5.97263916570797
-6.60785245923589
-7.02605303335665
-7.26327659555800
-7.40700709288613
-7.55830175660848
-7.71833462378393
-7.86635056452130
-7.92911895553052
-7.90966569666753
-7.86438561143481
-7.87947345484513
-7.94318945426431
-8.07056905629057
-8.42013956440156
-8.74707888701660
-9.00279157129655
-9.03797361125760
-8.84457706438788
-7.98875965617970
-6.96755472813898
-6.08523678605510
-4.87149252525933
-3.64493696546362
-0.352279566690742
1.22222456900774
2.79672870470622
6.42705680158718
9.21728260855470
10.9470714218080
12.1401120713692
12.6010995570530
12.5720773934778
12.5430552299026
11.8632841944266
10.9152055315931
9.51743439336363
8.28162773083662
7.05865026067738
6.55703898946198
6.03950986804434
5.48080455323919
4.68206543007542
3.84512399913559
2.60680461642191
1.33539548813494
0.446806380629912
-0.574837569445841
-1.99287714125768
-3.47034454057785
-5.02059646290814
-6.16812140211687
-7.17541669220156
-7.69903833497941
-8.52660458896711
-9.03509801692160
-9.58186588288168
-10.0092707385644
-10.4062559096182
-10.6355698142238
-10.6952754673634
-10.7529623472287
-10.7778797031219
-10.7951377422038
-10.8373124584924
-10.8595207809113
-10.8261459186881
-10.7544317017460
-10.6827174848040
-10.1963246106826
-9.30513831101854
-8.17877466783359
-6.51362741648724
-4.90157242664977
-4.13763319789495
-3.37369396914013
-2.30291205902787
-0.977914718447440
1.60749514821205
3.99117692801236
6.68002352873931
7.86161326964997
10.4372110725731
10.9507480799801
11.4636069372848
11.9650667087992
12.0312393515905
12.0966108176584
12.0466708918504
11.9967309660425
11.9085930390085
11.8141224172089
11.4964312810918
10.9822837781122
9.94304914313962
9.34504456686841
8.74703999059721
6.59160183370518
4.50823322290405
2.68880817791698
0.709452319027811
-0.824411347014138
-1.37861313123137
-1.93281491544861
-3.52603469105620
-4.47759133412831
-5.41709397861077
-6.12051975167254
-6.79174194238195
-7.00349925180986
-7.21525656123777
-7.46085240408496
-7.73553658556777
-8.05959196250112
-8.47089371824312
-8.85150673474153
-9.00908907539816
-9.16667141605478
-9.19869486537429
-8.84947723982908
-7.89236910357885
-6.67330068318358
-4.96193908220849
-4.25718441621708
-3.55242975022561
-2.50553293174684
-0.843400970990725
1.13048671950369
3.45767067521661
5.46353509825768
6.66449245459257
7.97006378991519
9.66054674256645
10.9468309950666
11.7455063259807
12.0104878593366
11.9292112253918
11.7831713078893
11.6371313903867
11.1144392764035
10.2806184125083
9.56667015929771
9.38037616145027
9.19584737727661
9.13654716891077
9.07724696054493
8.83711055146962
8.51459221838593
7.37533865593153
6.54871118199332
5.72254285012476
4.90118681211754
4.07983077411039
2.09172100815891
0.567428183485529
-0.501751812369371
-1.44834451441201
-2.15453265732572
-2.48524227276100
-2.81595188819630
-3.76431322332807
-4.52991884875663
-5.40031944750337
-6.13521450274857
-6.92798172192259
-7.23387207739420
-7.53976243286582
-8.39598820775425
-8.92203324989907
-9.16800472643360
-9.05739154039373
-8.61202830954433
-8.13979072763678
-7.66755314572923
-5.88244659203260
-4.00865055209426
-1.57637940073689
0.544843309170778
2.76265685420761
3.34527249374896
3.92788813329031
4.51050377283167
6.78196421189196
8.33527247790062
9.70986010802022
10.5200938410620
10.8634818105747
10.9895943876366
11.0110327914573
10.8647504036403
10.6650832099009
10.6003938081367
10.7067739290647
10.7990374249755
10.8411691867368
10.7931648198903
10.5874051731956
10.3795515005955
10.0848766151597
8.89470376709092
7.82806647151516
6.57929723659914
4.85732783488989
3.14960003173367
1.52250249525528
0.317375064920655
-0.269619083982214
-0.857314745425191
-1.51893788795684
-2.81563505155780
-4.29069868375012
-5.23411716726092
-6.09215249107460
-6.74828712779635
-7.44365361899983
-7.77070350621618
-8.10948822083247
-8.73220509654593
-9.36281218561188
-9.80464790232132
-10.1051853801586
-10.1352890996531
-9.98972946367801
-9.84416982770295
-8.95684443019929
-7.83668505120496
-6.12008719562021
-4.35682299126119
-2.05627075420221
-1.12542473656070
-0.194578718919122
2.79096260550003
6.77034809232968
9.36479563673702
11.6342971374810
12.9364729533039
13.1936772586937
13.4508815640836
13.6232715530833
13.6113042104336
13.1104037413895
12.3840363461129
11.5034506814929
11.2455588824157
10.9876670833385
10.5216448148822
10.4815273976688
10.4342326337710
10.0395678788612
9.31186073652597
8.77784595139592
8.24383116626591
7.36955119853379
6.24941358560735
4.03635010796620
2.13041247019098
0.254336720896739
-0.438934164574056
-1.13220505004490
-1.85911088205644
-2.62192217847282
-3.71402967514373
-4.19756478919942
-4.67682680519778
-4.92164135739496
-5.16645590959213
-5.54044073710283
-6.35701015320183
-6.77173309912161
-6.98062703327074
-7.18521746842795
-7.34753673816235
-7.50985600789673
-7.92076229902558
-8.10187143232229
-8.09464396113510
-7.79418742958666
-7.28572568847731
-6.95241952726032
-6.61911336604329
-5.16072445806522
-3.69380286255866
-1.26444130898741
1.55887514390179
3.38405682041869
5.20645287210253
6.75583010969886
8.30520734729534
11.4569930534981
12.9358045569897
13.5548478082187
13.3921411805404
12.6207141815889
12.3064228914900
11.9921316013912
11.6778403112923
10.3451628520726
9.50057605086073
9.04986504537534
8.97256486354020
8.97792876716301
8.86624547549036
8.65482804725375
7.99792560884094
6.83439393649317
5.64302293887989
4.14032009026456
2.99823432424511
1.95936021077611
0.953364442507207
-0.771870691032032
-2.00625425293852
-3.04696055109138
-3.72306372500561
-4.09132533905653
-4.51941557543914
-5.20950321967007
-5.98663234679961
-6.93226780825020
-7.73902185464447
-8.12721343287204
-8.51318529013854
-8.81761381323030
-9.12204233632206
-9.80451203684255
-10.3103290120522
-10.7789104042683
-11.0469759662981
-11.0912250114812
-10.9483165466104
-10.8054080817396
-9.78665839778772