22.7724109067401
22.1720773831783
21.1938838062742
19.7939183312843
18.0728997909602
16.0887581223944
13.9821785190474
11.7927434766416
9.56857910691721
7.20021655026873
4.88641617812593
2.49389441889709
-0.00910936658620930
-2.36827417669626
-4.50761580948793
-6.36776438397438
-7.99843773261774
-9.42786132631011
-10.4833373457441
-11.1744116190812
-11.4278050742558
-11.2444710118435
-10.6341709881103
-9.63019569897280
-8.28840124159060
-6.95404700997869
-5.65306552658297
-4.51214708854756
-3.63558979589471
-3.07281807358193
-2.85783877410413
-2.93473289513980
-3.19122696421074
-3.59595446285622
-4.15469527215086
-4.86444615994390
-5.56031891783074
-5.64812161057119
-5.19146954821370
-4.73169630300989
-3.70946212780529
-2.68166128211599
0.420215906801237
4.33540719389135
8.42141775116805
11.9957867605822
13.9880824627084
15.8007522844402
18.4874671966306
20.3853498420991
21.5210794775748
21.9749754599442
21.8308677483163
21.1813802637396
20.0567934133244
18.6341925034773
17.0591816345426
15.3255560249588
13.3519253003170
11.0049902561417
8.45768012263694
5.59738878204659
2.77599909956901
0.274727786871861
-1.89683795149417
-3.68896077229655
-5.17266814186722
-6.25015825483333
-7.03509168783221
-7.45857895054194
-7.43123744134370
-6.96550938596256
-6.20979716562862
-5.28764720268249
-4.45162157280094
-3.68216746257244
-3.11914768717466
-2.80583712080608
-2.72783607836497
-2.84332237544342
-3.11040980078771
-3.49083242673657
-3.92400555196831
-4.38555633789061
-4.95497093372369
-5.54429197250086
-5.59600200579341
-4.66409329766419
-2.45375357156278
0.659498399568813
4.68522848025505
9.24510846051930
13.7070641292592
17.6932641033776
20.9207037356898
22.9852744342318
24.3320947061574
25.0016094048611
25.1303403956053
24.7590504653049
23.9671549631693
23.0075550782415
22.0591250557125
21.1153111061309
19.0151037424830
16.8574654042383
14.4322751783919
11.8431759560616
9.37556955806426
6.15438410268436
3.36098607585926
0.717220705449550
-1.67837464337961
-3.75349638391047
-5.47632362763865
-6.68680158123176
-7.83541271252038
-8.53194250058939
-8.80522696465835
-8.56691746252140
-7.92421412768103
-7.09330985651694
-6.41852804266022
-5.50777693485804
-4.97010159110518
-4.67903259004417
-4.62477337641554
-4.77449900174529
-5.08404170665275
-5.41492996836065
-6.00744292210961
-6.57699932931121
-7.24427997956428
-7.92436743347021
-8.45910744100557
-8.67287711978512
-8.50345011510931
-7.58824761498324
-6.11979570948447
-3.60271636689690
-0.0418709613949365
4.31425673060169
8.97905416742816
13.1950128493311
16.3658044215489
18.4688128390637
19.5305759952944
19.8320745576227
19.5989845216523
19.0451704180313
18.5100072476238
17.4071636695639
16.3165344338930
15.0498508809985
13.5927450996629
12.0124581819364
10.3743572597479
9.12123505879207
6.97662936212682
5.14914215086407
3.21549862162095
1.18865546007706
-0.893893334757023
-2.96991277363645
-4.42540267063303
-6.81996800387443
-8.29905786735181
-9.52293356914189
-10.2927453986015
-10.6158398676347
-10.5193645446583
-10.2173242360153
-9.44539245265726
-8.66951743808594
-7.86916988092099
-7.13050277704078
-6.49589863110160
-5.98714968801962
-5.73451964815821
-5.35326477184001
-5.27288933134079
-5.38555300590284
-5.70484369195775
-6.22963274631867
-6.93750887284505
-7.38210888654092
-8.17347195814629
-8.20093780442205
-7.62139536097352
-6.36639909248994
-4.44674133342468
-1.99082089780128
-0.0910240468223658
4.35460723681251
7.88054191848694
11.2016321470552
13.9798657307141
15.8725793219318
16.7673861667253
16.7911083431469
16.2487525362008
15.4323475746444
14.5184242869899
13.5752965072466
12.6093941762665
11.5993920206352
10.9828455554904
9.46775481510986
8.39931212291758
7.26529316515795
6.09128627128220
4.84435651585470
3.50145219407393
2.61563962992816
0.513479201343939
-1.11393456196946
-2.86789389169536
-4.61102015505457
-6.13422092614170
-7.36027509060630
-7.90323789151927
-8.85610643322955
-9.21914762715911
-9.38926098707630
-9.37513121909084
-9.18333146741555
-8.85910193283405
-8.62907207788724
-8.04800496438957
-7.69482389873173
-7.40845430789346
-7.18687240160985
-7.02473571047021
-6.96247663702591
-7.03049098173378
-7.11352184839424
-7.48122330804264
-7.98485055843162
-8.15574363862943
-8.32542666159795
-8.19240671923707
-7.71110668201708
-5.49177621418707
-2.81870848769336
0.756347261313975
4.74212189386857
8.85680061349442
12.4124834476570
14.8780956200364
16.6130689482191
17.1626672528589
17.0824451527810
17.0022230527032
16.4115917336493
15.6620652965310
15.2610659408914
14.8298555578307
14.1831117152709
13.4519098166500
12.6611567733282
11.7975753126069
10.8025094178811
10.1186948506045
9.30228442007697
7.89242412658345
5.80152657531993
3.41025870996549
0.955323665211216
-1.31518877283651
-2.34507519518986
-3.39911986149100
-4.94745281649317
-6.17007280248807
-6.96336730364075
-7.35489969519287
-7.44357293283685
-7.40821116471631
-7.36723017239135
-7.28174151573897
-7.18052660031882
-7.05770529438646
-6.92423990564355
-6.83231906629958
-6.84382452468485
-6.85532998307013
-7.05765066806764
-7.46573930590763
-8.05563446251191
-8.76084087410044
-9.48487083191549
-9.74659328142264
-10.0071568997967
-9.99898386454270
-9.10226348891712
-7.03573337096402
-3.85295466369718
0.162204809028808
2.13067851723848
4.07553944744878
6.24341579165162
8.49156725238091
11.3904660105373
13.1640957286883
14.0865994554452
14.3350957326106
14.5848176742892
14.9321578638052
15.1771768216213
15.2656180314523
15.1570653908956
14.8075965965768
14.5058206524437
14.2041930158998
13.0639175770995
11.5044190343315
9.47366644331034
7.09308268323735
4.64197280748968
3.50357214275654
2.36517147802335
0.130613244523155
-1.89393043498447
-3.67668455727701
-5.11922319481161
-6.18073618619979
-6.46777838970751
-6.72050157684814
-6.68423632337751
-6.20134086853081
-5.52594639285942
-4.92109029979164
-4.54552922218804
-4.50520302212568
-4.46487682206332
-4.64964993593361
-5.06548524357923
-5.67295857993843
-6.44102437405258
-7.22217272193352
-7.45165221823522
-7.67891617698035
-7.63068078583103
-6.95282573559464
-5.88972377370608
-4.24929332417666
-2.02865776946295
-0.691525405362981
0.645606958736933
4.10421805398054
7.32169206550009
9.98207047385726
11.9489048017390
13.1956741558040
13.5964273412893
13.9978868072320
14.4026834172296
14.7425027402096
14.9466274637452
14.9813859236085
14.8123210536830
14.5988889485781
14.3327089877667
13.6629665771933
12.5395922443900
11.0238499054921
9.10521835672946
6.81002761433083
5.63778442085143
4.46554122737204
1.75820355987038
-0.553888956288484
-2.60788837327090
-4.35879631009450
-5.71284203521007
-6.13164502614651
-6.54688053827367
-7.05646506762143
-7.05822619674500
-6.75687699601968
-6.27983010432562
-5.78285153885971
-5.56612088101082
-5.34931584194612
-5.13199494526347
-5.13104966633081
-5.36302042646032
-5.77392688210494
-6.29085848489979
-6.49687052517156
-6.70238429691364
-6.91901304506220
-7.53121295797741
-7.83799455917310
-7.51001062678675
-6.37920637013751
-5.25223775833061
-2.27057934977910
0.468012892652729
3.66262654330205
7.23769441667272
10.8596277342939
14.0661073368336
15.3293041230017
16.5505057396326
17.5840471062543
17.8810262786764
17.5745840115356
16.9907090538236
16.3533859140705
16.0738436795641
15.7947671656713
15.1269099023577
14.4246895368030
13.5789170237739
12.5557224339620
11.3712004053253
10.6605238731817
9.93714858183941
8.06140086477158
5.70991720993320
3.09787852713789
0.348650047557196
-2.25677842444695
-3.27921607292372
-4.30165372140049
-6.24227448001146
-7.46170711715248
-8.21235534972218
-8.58559409002064
-8.66116497167060
-8.58968072682240
-8.51819648197422
-8.15439143605086
-7.67915411269234
-7.11271910973627
-6.53685605373652
-6.03518476838929
-5.88658962625346
-5.73799448411762
-5.55892071938668
-5.60526651102931
-5.81721568269709
-6.22961386695815
-6.79871775693090
-7.01801170285620
-7.23625306118659
-7.40543920121939
-6.86428951726859
-5.73555604349509
-3.94906910833029
-1.34294758132045
0.677659831612159
5.89702616142643
9.55478822456344
12.6815971832748
14.9127698059026
16.4134892349981
16.7761343279097
17.1387794208213
17.1840442050173
17.2289276752660
17.1258030170528
16.8479165377536
16.0614814583709
15.1609762409394
14.2040845784717
13.7602536532336
13.3164227279956
12.7066864216287
12.0437840918686
10.5796716223420
8.76708216016590
6.58056735429205
5.42496423354742
4.26936111280276
2.90266630765287
1.49385550765867
-1.04954616625877
-3.38260674007673
-5.42742860529056
-6.18472790009729
-6.94202719490395
-7.55712295493236
-8.15270834074624
-8.82485898806522
-9.13943245826166
-9.19880018455577
-9.14814923451032
-9.09749828446487
-9.00327312754046
-8.88680727112866
-8.70310260723544
-8.59139096164358
-8.59873306679363
-8.67925440090234
-8.75980501841600
-9.10589508970620
-9.46175502516708
-9.65682240291036
-9.54910090277732
-9.03276702934114
-8.60913240026241
-8.18549777118371
-7.75774021275778
-5.26850894152879
-1.63297395296678
2.57960035117117
6.84647867733878
9.29715653682035
11.2297111898958
12.7685719012682
14.1192000036763
14.7358286524152
14.8654193643702
14.6899708035051
14.4746709063513
14.2048837491981
13.7529949715167
13.0422215599596
12.1697380915582
11.1436507442761
9.94331174122978
9.09545327191049
8.07932858968385
6.36827087630180
3.89043868223048
1.19656837411510
-1.47324447573468
-3.92293575736918
-4.95871573446106
-5.99237165851663
-7.63954235085732
-8.72043733002919
-9.28292267166706
-9.40767910032435
-9.21010126442234
-9.00997940829896
-8.80985755217558
-8.21576462185827
-7.52385752511098
-6.79546950752950
-6.11691948806337
-5.57356187119618
-5.43327281625483
-5.30077263081270
-5.40872275623371
-5.88937756724466
-6.58610048514645
-7.28979375526203
-7.83197593222424
-7.87888906490857
-7.78942300912683
-7.06713598125846
-4.91070845407912
-1.59162345333000
2.47532044725166
6.76191024333334
9.11069884368358
11.3697097486059
13.4804798106409
15.3575216612959
16.3092535330769
16.7420994963599
16.7354492757813
16.5831431062811
16.4303693414393
15.7211490005788
14.9157304286810
14.0266080615752
13.0508611566987
11.9858150221245
11.3869334349788
10.7880518478330
9.11479231618297
7.07099696185875
4.67649629671240
2.08653731672986
-0.558822995679441
-1.73918326026730
-2.91954352485517
-5.31913269759862
-7.18077660913733
-8.64065681373355
-9.63041850431154
-10.1738859708378
-10.2427600638180
-10.3116341567982
-10.1474091833653
-9.71905516079895
-9.08795324133739
-8.32473065030596
-7.50615707538712
-7.13017319615615
-6.75418931692514
-6.01920450563514
-5.52759678281588
-5.28759217868531
-5.33840678826605
-5.69907007903119
-5.95143771703343
-6.20380535503568
-6.69061166983020
-6.42474359468912
-5.09645279187280
-2.57110812131253
1.02399757793431
2.51778376938978
4.01156996084525
5.89268490459241
9.05645285068842
12.0769205741807
14.0540435782046
15.1659571529413
15.5361521407977
15.7549556438318
15.4538593129605
14.9006013446151
14.2527634292098
13.6130778685258
12.9454673882484
12.5392917822287
11.3812152685312
10.4794054135892
9.40434314734935
8.07627749529308
6.52906690569653
4.83979630576304
3.86228436984206
2.78615221493023
0.880497129203001
-1.36379732227828
-3.48326742709934
-5.31087797414790
-6.77185247071183
-7.30395639751098
-7.83401230341066
-8.73471136618917
-9.25330243006856
-9.47252808671034
-9.41054529683582
-9.10561569135123
-8.87972395794245
-8.65383222453367
-8.10916823651613
-7.60023713495551
-7.17480903097436
-6.86634145596818
-6.67952301825924
-6.64836287421451
-6.61720273016976
-6.66486420752110
-6.87627640597982
-7.28243561272866
-7.82101693453226
-8.21811278821532
-8.10106396430237
-7.98401514038943
-6.55542143543776
-3.83676016940584
-0.00622268679807148
4.44382229875085
8.99139144667703
11.2947449118780
13.6967709891334
16.4561684605300
18.6250368654497
19.6125880471671
19.7190625652960
19.2889008013785
18.9635150805590
18.6381293597395
18.1313873336315
17.5396847870490
16.4102229568125
15.2196054364695
14.0135876921895
13.3452679792467
12.6769482663038
11.7147900739332
10.7102222308399
8.27247790479369
5.43181982996243
2.43930007157809
1.05733908886594
-0.324621893846348
-1.70753255055459
-3.09687582866167
-5.28477341750699
-6.97939425615054
-8.19229354742102
-8.51312508730181
-8.83395662718260
-9.00000764913107
-9.12797614323816
-8.96666337309620
-8.53714814853893
-7.96821765304100
-7.72305070116825
-7.47788374929552
-7.24628981249943
-7.02013211606210
-6.85954199777338
-6.94874900770093
-7.28214557250367
-7.46681835991524
-7.65113335155122
-7.78343588737781
-7.88354791262959
-7.46004869322108
-6.25691121305291
-4.18999782785201
-2.90358273391855
-1.61912529251126
0.282678890155371
2.46903076729563
6.42295699949508
9.95054945875709
12.6314126028266
13.3395770524950
14.0418055983687
14.7691265765257
15.5295472195312
16.0817758366241
16.1301319370021
15.6951308798942
15.0379308790072
13.7120605083408
12.3158114535357
10.6935419277776
8.85533868941418
6.80947210806062
4.53966941124251
3.05199049459376
1.42434377436105
-0.478252528506013
-2.92233339450474
-5.14902840677762
-7.10343407326250
-8.72602598320124
-9.41994873758210
-10.1233973391504
-10.8855318822683
-11.3273975422819
-11.3012423846824
-10.8365577232269
-10.0477671079634
-9.55684074532246
-9.05436893877323
-8.08437851355052
-7.21524320859570
-6.56838976195447
-6.16735447690196
-6.03177000539499
-6.10175009911810
-6.17173019284120
-6.60020028444033
-7.19941437531684
-7.72347011075076
-7.84017860519617
-7.31575525367508
-6.70620977463805
-6.09666429560100
-3.89326386754038
-0.937140084640124
2.70764625252891
6.61646494903273
10.3724398482518
12.3922703544452
14.1877196529683
15.7053429135454
16.9728294416871
17.5513034105753
17.6486994218255
17.4027207547690
17.1484492536437
16.8941777525183
15.9869218936722
14.8231690111801
13.5702449011841
12.0308836630947
10.2873969951140
9.40861176710552
8.52982653909698
5.93005046219439
3.41549374647829
0.890848269887615
-1.52554899215427
-3.73274466189920
-4.59468965471661
-5.45663464753392
-7.15941272713865
-8.27561548538989
-9.07475252196936
-9.61007663265224
-9.92222984439857
-9.96133699283065
-10.0002528751321
-9.85047005443741
-9.53161093874349
-9.11618773566655
-8.69729652542873
-8.33904837858645
-8.22069823748932
-8.10234809639216
-7.97410311698367
-7.98105750181652
-8.06778921008335
-8.23249284765663
-8.51684485376697
-8.68223082415383
-8.84740226953137
-9.10547422596128
-8.89929907967347
-7.93909176239884
-5.93655565976658
-2.78887800283224
-0.880684153845697
1.02037048402155
5.52223398793964
9.52183919435521
12.6808465495996
14.8698519051531
16.1567388653030
16.4814503553941
16.7894645652841
16.8937944403919
16.5878236101674
15.9284363548425
14.9811863761135
13.7536680667214
13.2046768456691
12.6556856246168
10.6870925175631
8.95279927207207
7.04814022452463
4.97762279608932
2.83515350621555
1.23795194710401
-1.45005411676144
-3.48042092881566
-5.39158647442269
-7.13675340964334
-8.63504575776903
-9.77865261177497
-10.2068356979089
-10.9111654341771
-10.9379142124218
-10.7374907182528
-10.4224242115300
-10.0689408718524
-9.73740077005711
-9.59131896069646
-9.44141148173250
-9.23019917367529
-9.07292207955580
-8.99114958939091
-8.98794710016558
-9.05577595438249
-9.13703244908392
-9.21828894378534
-9.54632077740197
-10.0056603951722
-10.3962070197459
-10.4608508254129
-9.98464332969001
-9.43790981785351
-8.89117630601698
-6.63638375106085
-3.47387100878254
-1.50029647237825
0.480513841757937
4.65504162025071
6.50993021203327
8.36481880381590
10.0085119626580
11.6380212449554
13.7635217947121
15.0509611600344
15.6928633834078
15.7484112126264
15.8039590418451
15.6057970325839
15.3871544436004
14.5166765948239
13.2981923483763
11.8347914904702
10.9702219223363
10.1056523542027
8.03593482728151
5.67699946171187
3.22296095822167
0.755923521643350
-1.63111071480965
-2.67137082022585
-3.71163092564229
-4.85157288410072
-6.02065065451876
-7.79287184878949
-9.24969358536522
-10.3234689532814
-10.6244319205210
-10.9253948877606
-11.1633905963412
-11.3752751618012
-11.4805116976251
-11.4050495742876
-11.2210340863358
-11.1260367862805
-11.0310394862252
-10.9122276697375
-10.7797358135233
-10.5818551079761
-10.3962232246321
-10.2576628494264
-10.2318634027848
-10.2061768299457
-10.1653773214600
-10.1170678862810
-9.67344343770355
-8.48795584000360
-6.28077221660416
-4.83772030214925
-3.39466838769422
0.969358322822802
5.34732720732792
9.37985969996099
12.7645260730418
15.2200070120617
16.0673776802615
16.8387604130582
17.3538580755368
17.3348775326613
16.8724284875278
16.1145744130091
15.1544905861674
14.6277149376856
14.1009392892037
12.7945504828453
11.3606000165637
9.69091731826422
7.78311006649552
5.66746473752427
4.76288443429024
3.85830413105614
2.58897088197204
0.828081177331331
-1.48355268702262
-3.72732581179577
-5.72390400896420
-6.89101389084094
-7.92698843617301
-8.84007853534044
-9.84912707978086
-10.5537989725105
-11.0007025200361
-11.2300068122941
-11.2737689084183
-11.3086357608669
-11.3105590859349
-11.2897926430418
-11.2681254383636
-11.2481093444477
-11.2198157165328
-11.1823706209649
-11.1321598696236
-10.9838421028662
-10.7617420845478
-10.5152136644357
-10.3353142299372
-10.2443168840793
-10.1705913567031
-10.0462164834043
-9.57488923995004
-8.36432675900130
-6.19038485620881
-2.97894916527116
1.05522401857735
3.05412022859769
5.05301643861832
9.71277310060039
13.2855058078535
15.7340957084344
17.0422964049994
17.3994741740782
17.2479446022924
17.0964150305066
16.3448691810222
15.3213240638743
14.1453036141277
12.8849112146620
11.6251817644489
11.0065223047795
10.3878628451102
8.72028144024471
6.89467953133984
4.85125482051379
2.61776645033907
0.292968880337615
-0.788113203700059
-1.86919528773773