6.60484846819022
6.52355909551936
6.40815164357749
6.27772478074155
6.19261105051570
6.09610972865505
5.95445193891273
5.87753343782409
5.80061493673545
5.73157840573205
5.66311967719386
5.58692809766371
5.50621080991538
5.41963075325362
5.28175666923846
5.20821535852362
5.13396092151767
4.98455511174872
4.88902622567665
4.78379383907813
4.54154246382755
4.36069567978926
4.17650205414800
3.71440807658400
3.41434330475444
3.12129388194730
2.70942772433944
2.25685489255403
1.74013092096982
0.851538459504575
-0.128933678661580
-1.12497107734344
-2.13466784803644
-2.60686215964181
-3.09096338232145
-3.90928882980680
-4.72512581338869
-5.40186798775702
-6.01502724190320
-6.60385893188299
-6.83922913736028
-7.04291819003810
-7.19538548357922
-7.26985630244165
-7.25118927838857
-7.16749455835641
-7.01853915265200
-6.87698533238997
-6.71512294284498
-6.53378659461953
-6.19849685146056
-5.82384606220926
-5.43864905163880
-5.09705513294767
-4.86367279479029
-4.66008566504882
-4.47541719215405
-4.18054857441661
-3.85805090952102
-3.44011987251292
-2.95867034556705
-2.61140360440395
-2.25383428576984
-1.88514401066837
-1.34987850498809
-0.870869779484994
-0.427723588000873
-0.0290567998236750
0.198041895553059
0.442988842607596
0.810516294543972
1.19616985301530
1.53527878930630
1.83367697386908
2.13181928235950
2.29244900586917
2.45307872937884
2.64220734491090
2.83349422421062
3.24766496573735
3.62531066170027
3.92703757791137
4.05066863060924
4.16899489572531
4.24967342831415
4.33053062127068
4.42545902008811
4.43420263014644
4.35472774617218
4.25188366890738
4.12847959317319
3.98643754236526
3.71546469152550
3.45866992398048
3.16009435202998
2.94262622941986
2.84986796549587
2.77630405869613
2.72810328048372
2.71025658095600
2.70140439749259
2.67450130561206
2.64785581775290
2.62121032989373
2.57915978001892
2.52711854205153
2.41027315679381
2.30800613031526
2.20091302901266
2.08054964021753
1.92063117712551
1.71991915376312
1.59755171736600
1.47542002195272
1.19339333166155
0.931821262364636
0.670143981281577
0.429276037629633
0.186358015823043
0.0292323384276516
-0.154668185616443
-0.389786687100322
-0.769181573984877
-1.19763534311985
-1.62415826800438
-2.06669951339414
-2.30438483546506
-2.55899955486064
-2.87279273599227
-3.20452028243133
-3.49361099461827
-3.72112485133347
-3.90468416759961
-3.97174386681603
-4.04010659530900
-4.11923138041944
-4.18540293725458
-4.24880634474545
-4.28862882091010
-4.32816247303482
-4.37540417490233
-4.41368316030793
-4.43541997872518
-4.40762747779681
-4.36986254674946
-4.33111253552663
-4.25075287806651
-4.21818896384806
-4.18562504962962
-4.10276857154865
-4.04987641929906
-3.99195549947600
-3.84552423926268
-3.73893585980452
-3.63031405693472
-3.37951125112271
-3.18947500045116
-3.00829473719239
-2.63953950236171
-2.44162283102750
-2.23887417641767
-1.78256267751048
-1.47665977927521
-1.16063882165313
-0.437969179830611
0.000983590603753914
0.441985566880187
1.26752938064977
1.61963691001980
1.97169094067965
2.29407696439294
2.63073601864557
3.00346334608932
3.40543225558255
3.88804325914914
4.26343328475447
4.51383154180836
4.55721923546656
4.60060692912475
4.60435602815608
4.58933664675128
4.50000277001554
4.38132876166380
4.24991615058562
4.15496626770346
4.03934655323635
3.86881545244375
3.60358907347313
3.31150600808472
2.97246506451379
2.67477255216469
2.56541655589770
2.45606055963072
2.33853825558614
2.31740380373593
2.29985719690619
2.29667515124630
2.29349116323554
2.28946461719376
2.28543807115198
2.28125891623885
2.26601112965700
2.24973930393512
2.16968148733711
2.09079099801278
2.01149228979071
1.88963139017774
1.75441678901726
1.54888608020940
1.27238263550566
1.15736911101563
1.04125976573764
0.814869151513819
0.658316497825794
0.465774724652568
0.167476818954974
-0.0563972678740707
-0.279610610548508
-0.724025814093202
-0.955606355871087
-1.17588700600893
-1.43101569822115
-1.69068837144848
-1.95716116716896
-2.34022720232383
-2.52513303814474
-2.71171131259061
-3.03442409312869
-3.17879866666607
-3.32999309954343
-3.53553485093644
-3.72587293186124
-3.88743611133705
-4.01779494156371
-4.11402281773371
-4.13655704979831
-4.15909128186291
-4.15391232466042
-4.08679953600026
-3.95308899538304
-3.77245033719504
-3.56693282799966
-3.42582921083433
-3.27157737035326
-3.09414978849866
-2.84437632622785
-2.58957676796315
-2.33465576775773
-2.10491885301742
-1.97213873219005
-1.85009569050642
-1.63373497127781
-1.44942304722238
-1.29309366821404
-1.12843699581678
-1.03353569695627
-0.938447177793152
-0.831696492692528
-0.724945807591904
-0.457857389058941
-0.216413360058745
-0.0134982643891368
0.159211272151609
0.305720870108277
0.381004586486550
0.573430345933159
0.693486147746478
0.820215088412087
0.938996404908457
1.06895698242628
1.18689300943065
1.25118959857091
1.32331034784967
1.42962713107432
1.57160487701381
1.71279797875555
1.84258362395779
1.89587314454203
1.94916266512626
1.99548342118962
2.04260580476660
2.11018867293644
2.18079764904790
2.22443966749931
2.26926885863205
2.38601246741945
2.45332551889337
2.52100996884270
2.59098537497917
2.62539378704235
2.60129414450133
2.55799960073789
2.52550518160207
2.52523976264850
2.52497434369492
2.52913555617981
2.55686245409782
2.60109208643136
2.64015600899044
2.67255824874669
2.68365678244832
2.67443492239743
2.63872228416809
2.58282653378906
2.49540005346227
2.37323047341564
2.20812450738414
2.05582076655103
1.90121400150027
1.74450075490767
1.47072211441326
1.20551670320327
1.07168158719160
0.938321112952988
0.749415634183085
0.542849594893951
0.315235838210485
-0.0284960518267379
-0.194880029551696
-0.361264007276654
-0.676227880438767
-0.820656044869071
-0.966724394009677
-1.25015126270515
-1.39356804611782
-1.53749265145043
-1.79092191291083
-1.89146329851269
-1.99200468411452
-2.10090955711531
-2.21612952061567
-2.40494233570606
-2.61707251136091
-2.71778159459345
-2.81988243111008
-2.99196347762919
-3.06591120499158
-3.14054952146794
-3.25531031703952
-3.31609081594108
-3.37445850764156
-3.47667169303989
-3.51675226408971
-3.55683283513952
-3.57370071560753
-3.56909230664076
-3.52504097372432
-3.39744556685126
-3.21446332427198
-3.01275784040780
-2.84529494579613
-2.76010245990513
-2.67784009667622
-2.59821039748759
-2.45795122866538
-2.27508494647982
-2.05140109135755
-1.80737627762663
-1.64443155430251
-1.48680973659722
-1.33405344417945
-1.13031740047532
-0.917970662384274
-0.699976356207624
-0.441735354932324
-0.287629014642170
-0.117407566290467
0.102154127620884
0.368700618148808
0.606798655583195
0.814582088314440
0.991854296183509
1.08108598238847
1.27227557487386
1.40133588736010
1.46212276952422
1.52421059620606
1.66155779532968
1.75007086818277
1.83858394103589
1.95592231700942
2.07370262828309
2.38081607578314
2.68774112211813
3.00994430802847
3.27514818608940
3.47129707113347
3.53333230802724
3.58834130758182
3.61679032392492
3.60727839666193
3.59687175303699
3.61432209706844
3.66577339285446
3.70312911942069
3.74048484598692
3.82248886345364
3.86148104744604
3.83724634384832
3.73117838163584
3.63374024868257
3.53630211572930
3.44200689105041
3.34773414058723
3.22595088291301
2.99351854840668
2.86702082977891
2.73938944764581
2.50340698368749
2.34116185561888
2.18655807710017
2.03789032918417
1.80699656798940
1.58716026017012
1.35271356969638
1.08582425664978
0.881065173947009
0.661916210513154
0.432439003300315
0.0141170602288319
-0.417143782698702
-0.812507510493574
-1.17862845656457
-1.41143575851907
-1.64485073375799
-1.87856066443596
-2.06566621517796
-2.25427519227867
-2.61793340085975
-2.94847186843746
-3.15585046495207
-3.58678864496709
-3.74252854642236
-3.89826844787764
-4.22527886772213
-4.37132760733112
-4.51689342038826
-4.61738305132679
-4.71787268226535
-4.95131614782877
-5.10594189742739
-5.18627483018936
-5.26768697978815
-5.43576111879389
-5.49345100682946
-5.55047459153926
-5.60845722460030
-5.67918150004236
-5.75052580131488
-5.87007100829055
-5.90134712958450
-5.92686047619839
-5.89196264850816
-5.85706482081794
-5.60261536803132
-5.18223400630758
-4.91655869533528
-4.64278330470002
-4.02386150631524
-3.68744975118513
-3.35103799605514
-2.42464492296105
-1.93671094860494
-1.44877697424866
-0.371628815867573
0.172108956888362
0.716618069821156
1.31110190685034
1.96464346141547
3.03463227055224
4.39685131849832
5.68231068689113
6.86297223793592
7.74548629583155
7.90351259236259
8.06095883464128
8.21840507691997
8.37556174162932
8.53222289457037
8.49731790144594
8.26872085599739
8.07415996487381
7.84603818417303
7.52676198432720
7.06415397780180
6.60002978689745
6.36730291439787
6.13457604189837
5.88995134855466
5.63458438909159
5.17053010181716
4.68262215313906
4.43884422774065
4.19506630234220
3.71233754166529
3.47417884197342
2.83742987984032
2.47389491269190
2.27658598835914
2.07272741856988
1.63973587857594
1.38641273153300
1.13334283204072
0.896902855044079
0.660462878047360
0.349074632394165
-0.00642420201760913
-0.305797825587083
-0.606370043635928
-1.26895411552676
-1.52668891753351
-1.78255280669975
-2.05370444940613
-2.40602104229604
-2.77328142052846
-3.46292951099018
-3.79603501807984
-4.12796003904012
-4.52368376786342
-4.88565808684474
-5.21736591700686
-5.62095536081646
-5.72774478367376
-5.83453420653105
-5.94147669744166
-6.05672291882463
-6.16404433228635
-6.23715973005798
-6.21644195420567
-6.11782215428375
-5.96117685567730
-5.74491482611975
-5.57286496752572
-5.36001553628807
-5.05502619146630
-4.55253287418859
-3.92483486565960
-3.30371719705151
-2.68086268365441
-2.39417411443805
-2.10748554522175
-1.53508388792467
-0.890653893075861
-0.237177581298907
0.455318809852808
1.14764612049953
1.45953028427546
1.78442126235670
2.26568175679314
2.63649884429963
2.90719107487827
3.06944402770713
3.12494335511314
3.18044268251914
3.22465823263218
3.26874135476405
3.30271559603887
3.33583889490037
3.33949815070074
3.34315740650111
3.30185536740240
3.29066144820599
3.27946752900957
3.33548133658403
3.40037926556371
3.46527719454338
3.62691693421780
3.69838152996151
3.76941093631514
3.81797082731733
3.86653071831952
3.95225337432904
4.03128263500286
4.07502018321558
4.11945556942456
4.20294371860236
4.23183773922501
4.26073175984765
4.28581062451745
4.27736927352501
4.26871473269685
4.21002787044837
4.14511489094411
4.07969300913759
3.97380669176220
3.86792037438681
3.49484659650972
2.98684273865393
2.69972280251739
2.41271444119935
1.80338153761646
1.52737505919957
1.25136858078266
0.618428890138030
0.311504638065024
0.00262637275267169
-0.666336117964684
-1.35019131736032
-1.64445907878462
-1.93423432878580
-2.26159195520976
-2.60762824776003
-3.08843546026017
-3.47749237961445
-3.86015989227098
-3.99588307781005
-4.13160626334912
-4.31039171073291
-4.52792316848422
-4.83243844562354
-5.10366398736304
-5.21351360922320
-5.32178490486093
-5.38614962117583
-5.45051433749072
-5.48925773086180
-5.52093114077375
-5.49385987961236
-5.38956428942632
-5.30671939346572
-5.22420733046776
-5.16340435256311
-5.10260137465846
-5.04179839675381
-4.91712799411905
-4.73000350545802
-4.41636882558004
-4.00929208609601
-3.75595837176751
-3.49744134031873
-2.98536150140355
-2.41769968000347
-1.85915698641966
-1.33199878172982
-1.06664176772504
-0.801214531858143
-0.498898643043976
0.258569933315650
0.732747907687855
1.15149058198657
1.34012186568093
1.52934851734896
1.86056330439695
2.03894280886134
2.24013340835912
2.49311988050548
2.64984975555713
2.80657963060880
3.13818476224277
3.43589030007197
3.58436634297798
3.71713632364823
3.80886537837965
3.90092922950661
4.08291410378481
4.24611924618943
4.39336662254908
4.44316833824523
4.49297005394137
4.54183555632577
4.58985015614545
4.62181158576606
4.62183025327553
4.60271424821212
4.58567177545644
4.56862930270075
4.51500658645120
4.44231217929284
4.33717254803508
4.19364796517694
3.98828242426207
3.75651902427202
3.40019629312630
3.21139047751910
3.02228156910103
2.81785241272713
2.60895229509589
2.19517068310162
1.91876093944444
1.63198561662258
1.33536990342987
1.10391695159118
0.862017845016527
0.399605864902138
0.150410841841249
-0.0996043576126601
-0.414413492117037
-1.13297044219774
-1.62624874497975
-2.13279546308046
-2.61190584456347
-3.03700652386878
-3.41651135248403
-3.63089824458393
-3.86226979038188
-4.12260126523887
-4.42839503582489
-4.72287608026594
-4.96539760235869
-5.13625537083329
-5.18860530898961
-5.24095524714595
-5.32043693108498
-5.36847480863697
-5.39942812298878
-5.40248620939544
-5.36522996992340
-5.32469664754095
-5.28416332515849
-5.15623574485038
-4.98022258637028
-4.77145909004617
-4.51175556159459
-4.18515111238022
-3.96423794944288
-3.72715724498559
-3.27074147144178
-2.79007520048166
-2.34178131882345
-1.94718037656036
-1.57817442119200
-1.34937999110209
-1.07942782344741
-0.709474788894944
-0.172136524138434
0.355025807945348
0.796276023508417
1.10908695387966
1.21486660141459
1.31721572144091
1.48985426364075
1.71709175400784
2.03488335189433
2.22377103212012
2.41242915882935
2.52216045403293
2.63189174923650
2.74162304444008
2.88238925666032
3.03688192428368
3.08968023410345
3.14247854392322
3.19608259416540
3.29128829463874
3.43681633935017
3.54065826935386
3.57410494254532
3.60700029822235
3.60938649661187
3.55736774513035
3.50185697620389
3.39215962281535
3.33738418137159
3.30859541906418
3.30290744608204
3.31620932204923
3.34082565498524
3.35587555205676
3.37092544912827
3.40534908751759
3.43856041259845
3.45714917365053
3.44581537160619
3.39240322238496
3.33368127070844
3.16888832663699
2.96145913693346
2.72542408396038
2.42585596573319
2.07684642276460
1.66824217755031
1.46655897472747
1.26302026872749
0.891107416625606
0.529475013610638
0.169591781339710
-0.160893569035201
-0.518510858665796
-0.713718615122337
-0.907020310687697
-1.37398349697873
-1.84893777606194
-2.34328673831815
-2.80442550840488
-3.24638974260664
-3.41216102822496
-3.57793231384330
-3.78288696652281
-4.01610742819072
-4.17527865957642
-4.33648869634804
-4.60990872468082
-4.72255152519356
-4.83519432570627
-5.06868007583375
-5.15187213965320
-5.23550905142288
-5.34817897508772
-5.37338770286229
-5.39844267282988
-5.37972059860868
-5.36099852438748
-5.27963427948488
-5.18758647579930
-4.88591884272319
-4.69915639186676
-4.51254185805040
-4.33724584440841
-4.16194983076641
-3.69334226979948
-3.28475880742377
-2.84270441745735
-2.32564390252337
-1.75585679004687
-1.42601420666692
-1.08660345206517
-0.392784757426525
0.314823522612133
0.976460936440584
1.53154198057608
1.97082648477514
2.16733785447169
2.36367251265550
2.55965049414574
2.79812288494721
3.04033889747989
3.26178690779703
3.48816063728876
3.58637470059067
3.68467237912609
3.78822327743054
3.79488283084570
3.72516061699120
3.63437220322934
3.56885729698083
3.56140351715622
3.55394973733160
3.55574826181068
3.56164717720586
3.56436086173969
3.53600221727184
3.46909101504019
3.43048044410660
3.39186987317301
3.35125453661489
3.30728506264857
3.26360387893802
3.23206070909915
3.20094067304606
3.19239390460749
3.19056410205813
3.19381804670672
3.16577722934716
3.11992838005963
3.07343033172407
2.99304961817866
2.91231621894746
2.80619202468814
2.70006783042881
2.43973730103687
2.14844731646572
1.80152627705584
1.60542466345863
1.40908815677095
1.19103391789614
0.964781488889288
0.520515693507383
0.0877095757168881
-0.344982089114132
-0.765331681189194
-1.12949228478569
-1.35852118421817
-1.61802069486635
-1.96102756757428
-2.41902542468683
-2.86126267867665
-3.28790176980442
-3.65243001884382
-3.82710142184529
-4.01176025598102
-4.23400639417285
-4.46117773763387
-4.66710648819370
-4.83736734100648
-4.97475707676829
-5.01858911347318
-5.06242115017809
-5.12206899902887
-5.12830875096031
-5.09230716395083
-5.01267321296150
-4.89476870529662
-4.81265373796451
-4.71070245219470
-4.52011015564070
-4.36963170127623
-4.21004293240300
-4.07414603970936
-3.97354029056003
-3.90910511480723
-3.73087282924307
-3.62520266988388
-3.53031073278306
-3.43468795157304
-3.19649324796512
-2.95510158490882
-2.50377625140863
-2.02297304882899
-1.51068318964270
-0.758187070070541
-0.407294235846348
-0.0557965826429961
0.559746535238079
0.818863012438108
1.08227446110595
1.55663279586864
1.78196316989793
2.02315831327291
2.45460505483011
2.69040040571509
2.92710520044277
3.20017283996564
3.48003677643654
3.77146117583854
4.07843375053085
4.18272665562644
4.28728091002011
4.40117617914880
4.42586642254518
4.41678888077137
4.35604957836411
4.26264118598673
4.13963279381880
4.00424425646342
3.86264187661365
3.79653693255087
3.73043198848808
3.59126162495976
3.46395986946195
3.35782380528816
3.27403102980260
3.21118401706879
3.18140802188093
3.15076860842234
3.08029866141547
2.98384692309152
2.87465395016954
2.72821742388546
2.54094584851757
2.42460603162531
2.30826621473305
1.99216369896766
1.63310746547783
1.27661441871852
0.917948025067420
0.592785604201667
0.481644700178804
0.370503796155946
0.259362892133083
-0.157619551472811
-0.674816156504298
-1.29482991524512
-2.00362810517344
-2.50745431502353
-3.31907552451390
-3.57729632999211
-3.83468764428805
-4.03648047818449
-4.23881055525966
-4.55252905139000
-4.72157148096445
-5.02005727714784
-5.18052519544643
-5.23581455243834
-5.29107597591876
-5.33863371162775
-5.31612879387562
-5.26175854646869
-5.20302029485526
-5.12356099399341
-5.04226533386164
-4.82022223672783
-4.57366226415552
-4.33953476071034
-4.23063783229885
-4.12174090388735
-3.93387352478811
-3.78860960707688
-3.65389821794010
-3.50457945807153
-3.26147029296727
-3.07616569703910
-2.88845155687398
-2.36819260246490
-1.70607291423431
-0.959867924132598
-0.303815317342827
0.313200123615870
0.573385859357352
0.833571595098823