8.49158728839005
8.46881785547671
8.29100535030486
7.98780918471907
7.59172736275332
7.13903881682021
6.68176464298255
6.23240223752263
5.87287651386189
5.56077637340588
5.30314746994083
5.07496911439818
4.85965790662102
4.64587542623188
4.41585987959871
4.19819238419237
3.97162407438477
3.73319916115544
3.46649230428032
3.18758693835932
2.90502923117925
2.59713120622500
2.23066913128430
1.81295128275658
1.30547499501614
0.698988097225478
0.0627338404264367
-0.572986133843049
-1.15804768458305
-1.68642982765301
-2.16576811835187
-2.64537374187739
-3.15114841108350
-3.65617576370806
-4.06698405415701
-4.30342770450510
-4.46441235479756
-4.52978231822354
-4.60463762723958
-4.72596570260172
-4.89528833743984
-5.08262918494180
-5.21578767081722
-5.32449753724721
-5.32125464694282
-5.22510692018456
-5.04623888735578
-4.79383035617787
-4.49438087412910
-4.22983237789840
-3.86855668489550
-3.59411284128142
-3.37004328612202
-3.18875412371056
-3.02515853925644
-2.84516818684174
-2.65647078259405
-2.40401720134156
-2.15633588042321
-1.91358329788013
-1.71341691434236
-1.57014129702209
-1.47698846131266
-1.41555678119518
-1.31723780142413
-1.19294425853330
-1.03446001900253
-0.846672571225481
-0.634403449276728
-0.370558773243187
-0.0903698512916310
0.344383291362707
0.741140058377308
1.10776309891463
1.41783247595702
1.67234124584477
1.89287401175153
2.09394428587639
2.42615366633386
2.78053970675317
3.15456158924096
3.51664015509034
3.83092693702457
4.07333106722393
4.19912295165408
4.31167430491125
4.30295501077468
4.20863734576613
4.03178617787727
3.79281538347904
3.53505009790503
3.34018310294344
3.07394341905521
2.88350391517126
2.72443274921902
2.59744031002492
2.50811915641255
2.44841344742370
2.40600034468042
2.32059878370866
2.22270868564212
2.12243843484671
2.03410148262180
1.95667253679796
1.88402169634539
1.83039559971397
1.74644315542320
1.66791620195894
1.55253754199782
1.39242427022167
1.20491808718533
1.02286501463691
0.916277432789554
0.740117206843689
0.611186374008296
0.455164589027429
0.251422028684881
-0.0121509981921889
-0.328046167823666
-0.572437920384087
-1.02427321828667
-1.34986483235538
-1.64547486067953
-1.92403618693542
-2.20087434061897
-2.49254296930977
-2.70982344600876
-3.08751505247279
-3.35767353993285
-3.59566835724962
-3.80290157125165
-3.98047024488662
-4.11590257694958
-4.19062867433022
-4.18936607611165
-4.10914921470477
-3.96693453558024
-3.77553817847565
-3.56139112163233
-3.34486903602170
-3.21787024339231
-2.95155023462777
-2.78400376628626
-2.63374227740788
-2.51328102772957
-2.43710611324511
-2.40988078241286
-2.41411682356363
-2.43681648516904
-2.46265919796384
-2.49687782245909
-2.54673211573397
-2.61377955783188
-2.68062235158563
-2.69779020040060
-2.66350070441874
-2.53946971179887
-2.34949423525708
-2.13164746616964
-1.92661162320156
-1.74054483866853
-1.61850297538409
-1.31637061029663
-0.992372408138808
-0.552036445906107
0.0276529398287062
0.729937103301569
1.55102966797570
2.06316444092646
3.24458106392720
3.91600675669328
4.44039807811211
4.80631397671043
5.05870189997874
5.23251840854604
5.29951539542193
5.39197997367149
5.34982756133089
5.20327579778721
4.95162667466097
4.62169986391726
4.24388458595310
4.00936161344092
3.43853852878386
3.07596101541911
2.76228757776203
2.52817393546203
2.35359229261227
2.21343431114682
2.13514061425754
1.96292094046009
1.85570284362210
1.77486620792638
1.73778879371559
1.75226516834473
1.80993930486954
1.85449333080997
1.94398151548217
1.97697789153524
1.99751035184316
2.03281542369636
2.09636538928048
2.16827520908857
2.18946148334963
2.19282427402194
2.15777092644632
2.01239748236105
1.76502175694930
1.44278563915736
1.08282108758003
0.857402548164538
0.623490502544910
0.376079514329290
0.0616120797931744
-0.229927090635020
-0.529543266301150
-0.864579743165196
-1.17265636135390
-1.42692255588137
-1.66181170307041
-2.03695561296177
-2.35385747792883
-2.61718917804176
-2.84489840159523
-2.94801801220818
-3.05113762282112
-3.28121978571023
-3.49461699266229
-3.67753346273840
-3.81074425693612
-3.88999001071567
-3.89581206506400
-3.90111439571781
-3.86097629925241
-3.78395656665206
-3.67664562599538
-3.54201247966339
-3.36454378937686
-3.25295817345962
-3.13861628079578
-2.88484713695702
-2.61056411105797
-2.34626563266098
-2.11701745448892
-1.93379137175744
-1.85765759987723
-1.78152382799704
-1.61314572530959
-1.41700164797020
-1.19249081372435
-0.987045929004651
-0.837908528078404
-0.789798830654609
-0.741861172794022
-0.643558740467787
-0.544709667959854
-0.447295031608049
-0.368452840214428
-0.320574104022671
-0.305952137685927
-0.290891445905748
-0.255032358813225
-0.202147922500591
-0.134148498658879
-0.0488326966265678
0.0570603899767711
0.127455111461834
0.203328202919056
0.371728248219329
0.579158258114774
0.786646706797936
0.958962899232580
1.08226237405555
1.13999990900109
1.19773744394664
1.39249998408398
1.67359504209235
1.97388965621417
2.23271544257108
2.42957224626875
2.49652791045260
2.56348357463646
2.69713115494217
2.78872796906776
2.85403058678130
2.88962568498329
2.89162850873054
2.87505961310951
2.85849071748848
2.77402807708191
2.65665080514201
2.52012081908779
2.37990249030631
2.26072309965944
2.20164116416805
2.15967729387514
2.16018250084278
2.15109661934506
2.12111148183268
2.07765545489732
2.03646062451217
2.02373929629220
2.01103791348554
2.00623094052661
2.00785760390945
1.98700699853284
1.92286379728953
1.80515299063172
1.71943705745414
1.62963310451609
1.43442244986518
1.20688568959422
0.946442590889855
0.650128919535003
0.315495895545029
0.143936472189755
-0.0276229511655515
-0.464079854958071
-0.842019707271658
-1.14739491609977
-1.37955303907554
-1.57233839616222
-1.71764362259948
-1.99933174683340
-2.24198872589577
-2.46906429795853
-2.65495947498668
-2.77517751995608
-2.81946036719325
-2.81801150020958
-2.81656263322591
-2.81687172630538
-2.83885510754093
-2.87006996619931
-2.90024327183288
-2.93415900611745
-2.94731882123883
-2.96047863636021
-2.96879543847447
-2.90158614504022
-2.76130103400191
-2.58326156220566
-2.40547803335089
-2.34832760532476
-2.29117717729862
-2.14593766274256
-2.04441527383030
-1.93407458013206
-1.82040782964061
-1.71204759972317
-1.65850719853392
-1.58944360545092
-1.57914588934843
-1.58239591507130
-1.57596443971322
-1.54639423696359
-1.48848662761097
-1.43816613163261
-1.38784563565424
-1.22644865776022
-1.02131772050092
-0.804641507671279
-0.607937520158179
-0.452033267349793
-0.388131856409575
-0.320777888244355
-0.215635420891251
-0.0984212305204972
0.0271664144238583
0.167100963656685
0.321189893573221
0.408792963695429
0.500957532423862
0.699476817588350
0.964789738316195
1.30825856171311
1.72492279169987
2.17501904087600
2.39871452913338
2.63262002828316
2.98551960234725
3.30337148030481
3.55661837804720
3.73479923216994
3.83006230684958
3.83519303320916
3.84032375956873
3.77618638923186
3.65381068036615
3.48294876954077
3.27595976888237
3.06343859945243
2.98172282784247
2.90000705623252
2.78937629102235
2.76945265202824
2.79907446915549
2.84946523375849
2.88948117785763
2.89262006343555
2.84679656658466
2.75429029584122
2.62222209346246
2.46248332093942
2.28202635208141
2.07474900300653
1.94946876697602
1.59299783367940
1.25739204097472
1.10184280425460
0.946293567534437
0.647478670146958
0.375597323351371
0.257690025989215
0.138331568435285
-0.0390928814090528
-0.193217222037401
-0.344712200973755
-0.520932011013773
-0.743986056823796
-0.858104672376033
-0.972223287928248
-1.12038852303698
-1.28574301227788
-1.55300387122157
-1.82649533373749
-2.11825275752243
-2.36186981371584
-2.57683105063996
-2.77924464699540
-3.13181798537440
-3.46983968608369
-3.76686765588280
-4.01764112319466
-4.12972337427028
-4.24180562534582
-4.49976194258229
-4.75246948555751
-4.96425214439549
-5.10395927109771
-5.15146810057535
-5.13590800442098
-5.12034790826661
-5.08119150536407
-5.00589689681970
-4.86861806338604
-4.73800752935381
-4.59109519040090
-4.51924767800967
-4.44740016561844
-4.35325505062654
-4.24418219723977
-4.10663718939637
-4.01452559198968
-3.93325081793309
-3.85909269069120
-3.78493456344933
-3.61496496523572
-3.30590455911279
-2.64572535622437
-1.85197062317432
-1.01981550780494
-0.541591870447607
-0.00483552928436537
0.744628884181936
1.76894483060643
2.86880001471324
3.95757450045362
4.97328936151282
5.43863111284827
5.91840666581732
6.69798295758512
7.39643874062115
7.93422015755034
8.26765377651436
8.38054512510727
8.32149834876906
8.24568038246277
7.95311697034571
7.50328354212203
6.98122416853298
6.43350090552503
5.89662151254480
5.59003372392645
5.26824505967280
4.91623212394110
4.48496659192493
4.09482274907689
3.75426857004092
3.45656865685148
3.26135143390355
2.92504463213906
2.66262308135530
2.40082554929235
2.13691213288783
1.83281913885317
1.50496504011658
1.20798800125334
0.721145784525875
0.348658408282982
-0.0171094772900435
-0.423621227405618
-0.896229186108543
-1.42982941824023
-1.68798418907320
-1.94613895990618
-2.55455975740019
-3.08551558788406
-3.57346554183168
-4.00190770049529
-4.36393484361827
-4.60417365559379
-4.91962041290777
-5.13859371221196
-5.33159398281045
-5.50260580884817
-5.65973890781686
-5.79754742917680
-5.84529265837671
-5.88929020509369
-5.89660736004434
-5.80409866937157
-5.61517318301957
-5.35285418946198
-5.02851564934354
-4.87135088349249
-4.71425350489910
-4.29321234100438
-3.87454690612597
-3.43954564056617
-3.03887514030385
-2.74306627312859
-2.67491427306301
-2.60676227299742
-2.55438105377712
-2.51692026055216
-2.36764542858184
-2.05479119808034
-1.59964825465148
-1.37559926294660
-1.15155027124177
-0.604217399647131
-0.217953246167975
0.0633586352527915
0.272441807227644
0.475193456144259
0.580807577859574
0.686421699574949
1.02814464727641
1.37538971039278
1.72360802832976
2.04857509532814
2.33848728745306
2.44563913925791
2.55279099106280
2.76673323805445
2.92288444559316
3.08767083067526
3.30277943835347
3.57861130741393
3.69349551780415
3.80804102683835
4.13976114609553
4.32006591923898
4.44040104474319
4.50660542165940
4.52801569699328
4.51376153788273
4.44940856296546
4.35479705818469
4.23337837272703
4.10146130068449
3.97143811384698
3.83907840265025
3.75929936499512
3.67078399681187
3.50340750881727
3.29949333837672
3.09282936358294
2.89043627272156
2.69919142595220
2.60663446602006
2.50884590323875
2.33735193208993
2.12700374626654
1.85874698988552
1.51381466171542
1.08817111988462
0.774174950959105
0.102607510156054
-0.377808771229001
-0.826066293442434
-1.23664802239981
-1.59485575421106
-1.87565091865367
-2.02614587023592
-2.24361548617593
-2.43828703078864
-2.71706675612658
-3.06993684837153
-3.43920845717006
-3.76890012728055
-3.94657642378687
-4.27987816041683
-4.47242003644223
-4.60800213583020
-4.66857240855561
-4.65053336014703
-4.57177966516729
-4.52116169652596
-4.47054372788465
-4.36058119424070
-4.27016865685199
-4.18066238831155
-4.12973685033126
-4.07884220164684
-4.02080935356353
-3.96275071511708
-3.83698083334910
-3.70863275511530
-3.58207642050197
-3.43850666886038
-3.25666795851433
-3.13579002290370
-3.00160370893712
-2.80674248940207
-2.60004336709121
-2.42805164830344
-2.27822656959163
-2.11435183247778
-1.99986112389712
-1.88537041531648
-1.51634235914195
-1.03666550379443
-0.497150162791596
0.0569942736760022
0.578077462290653
0.868566153231424
1.14989313595588
1.41949100265363
1.75561120354504
2.05788255082858
2.35442888250321
2.60659061304120
2.69738027160060
2.78800839655446
2.86970629324420
2.94968415021446
3.08553961776879
3.25182904862998
3.46939753818741
3.59193127928776
3.71418861805082
4.02251223850073
4.28228913923028
4.48041130366377
4.60618000540263
4.66305561570462
4.65463659451883
4.63604640904599
4.54339050942189
4.35235585909234
4.09352689458695
3.79247492470278
3.47879827449089
3.34480136698376
3.21080445947662
2.95791098940523
2.78509190084373
2.63781707713184
2.47455013365177
2.27485606246513
2.17736766815613
2.07987927384714
1.93418085483197
1.74841200629220
1.40770274161959
1.01763384423357
0.595951586178651
0.240599939151227
-0.290529264863016
-0.724953613297012
-1.13188673447087
-1.49607937209535
-1.83365201305378
-2.16380018341418
-2.33557295207828
-2.51545314494643
-2.84346122862404
-3.17923772931802
-3.46879784397161
-3.68064237370075
-3.80968914487698
-3.85192737541077
-3.89748866477596
-3.96285770153292
-4.06199394211775
-4.19667195488186
-4.36427107160354
-4.52896340773213
-4.60874447184158
-4.61774940391174
-4.46080451955813
-4.17507457433225
-3.81161518958254
-3.42445306899046
-3.04020161881002
-2.80979095206051
-2.55801061206288
-2.25774192307187
-1.90894417364720
-1.64265531851284
-1.46979434692170
-1.37510063307204
-1.35300150857640
-1.33381981392266
-1.33571726381440
-1.36761279374540
-1.38937598046896
-1.35379105335324
-1.24035616013501
-1.14329388559924
-1.03924723485065
-0.791634652300032
-0.470245805228588
-0.149883680041672
0.205603937992960
0.557138138038508
0.702484195910797
0.847830253783085
1.13831980871127
1.36386360227965
1.57492941249137
1.79258201646225
2.02128084182225
2.14144675081189
2.26794873330319
2.48340922918787
2.72125862971281
2.97220680667253
3.22045917577895
3.44501422825335
3.56494401539453
3.76813200363740
3.83474883002357
3.82053746972627
3.73145612254660
3.59493035642595
3.44650116853126
3.38110075393140
3.31570033933153
3.14917156311017
2.98622525464844
2.81899731764294
2.66487236496611
2.54113917044216
2.49969379300346
2.45824841556477
2.39334541740775
2.35304052772082
2.31630790994667
2.26462350841520
2.18764074534985
2.14384573476696
2.10005072418407
1.98527235977784
1.86848832681173
1.71974201155925
1.52171941209472
1.27412054001743
1.13950761588302
1.00532613104346
0.657391849905090
0.307924671356965
-0.0651578982032613
-0.426591805549210
-0.782963631036882
-0.935416744351833
-1.08786985766677
-1.48003183568232
-1.85101441700730
-2.23181999141638
-2.60833342172851
-2.97040492216288
-3.09460050485503
-3.21879608754718
-3.62900735432738
-3.89124267762490
-4.10501489733084
-4.25685069541635
-4.34542373829140
-4.36160921822786
-4.33634339411330
-4.24374931304717
-4.09270814632167
-3.89271227713892
-3.65878050941710
-3.40798816140462
-3.27452540616450
-2.96224317118853
-2.83442683152024
-2.78081229732015
-2.79262864294611
-2.83963523535777
-2.88766869339939
-2.89652869698984
-2.90507496849699
-2.86883368718786
-2.77615146909833
-2.63549656056037
-2.44575769124424
-2.20299076149199
-2.05719581581054
-1.91140087012909
-1.55389240557792
-1.10814046478634
-0.541104900870180
-0.198014684515796
0.145075531838588
0.505192414813864
0.867005579482850
1.49338402076916
1.97267300135896
2.32044370791205
2.57692706223134
2.78642036376526
2.87736135718499
2.96830235060471
3.07293796153319
3.17897344323500
3.40321079070093
3.62866620208282
3.82040478084400
3.87809526787451
3.93578575490501
3.95701969809335
3.97444153938705
3.93142924639357
3.83056422529439
3.68905578054088
3.61246518961562
3.53587459869036
3.44760535744573
3.35724962845073
3.19736264145095
3.05137664018134
2.91831590368435
2.86000867643859
2.80170144919282
2.68535934985325
2.57659500522104
2.47258230591475
2.37740807366122
2.28723887576082
2.23786339079795
2.18848790583507
2.10867847456574
2.01975349834580
1.81802140827194
1.59009291968472
1.35327039203035
1.23778874446884
1.12230709690733
0.809379062834056
0.466549180162400
0.0758048315719146
-0.355057083702191
-0.806310674413692
-1.02093418073943
-1.23520211370599
-1.70350967653870
-2.12612825854000
-2.50696730061354
-2.84362288346447
-3.13725629354192
-3.25711936246161
-3.37698243138130
-3.60701990825340
-3.79069816456668
-3.95097648904846
-4.09050099996447
-4.20461850835153
-4.23351862250283
-4.26241873665412
-4.27336529108480
-4.27209397914837
-4.19191369341822
-4.04956847866370
-3.86799773221903
-3.77530840766318
-3.68261908310734
-3.44480893084751
-3.22106932909933
-3.00578143978231
-2.81661424425057
-2.64699319114945
-2.58247511056480
-2.51795702998015
-2.43533724587762
-2.33438230669006
-2.21456901671590
-2.14264469624423
-2.10835851160427
-2.06587867324877
-1.98273626740102
-1.83711042064818
-1.48009122673643
-1.02371893051671
-0.532837824686202
-0.0735556694122065
0.141050654086400
0.367622762483404
0.667805964222616
0.978367544601721
1.28784040943014
1.62237169064563
2.00015295089110
2.20930935956948
2.41846576824787
2.89200362972569
3.37396857508109
3.85389409748075
4.29804987572784
4.66254247144850
4.78816215622403
4.91260214539428
5.01374334431649
4.99538392346774
4.88083558978891
4.69437015288505
4.45719506158068
4.31639164756411
4.16767338975751
3.88870117578574
3.60462170826478
3.35354624563474
3.14492030127151
2.96883852109166
2.88984342509686
2.81084832910207
2.65602614546445
2.51142569834988
2.37523480592122
2.24719674589071
2.12526919404402
2.03867197500257
1.90400669232542
1.80719213684859
1.69656992430552
1.53006134726649
1.30461985202685
0.982591626822917
0.788613382560470
0.594635138297986
0.117677566159926
-0.366461690379827
-0.850021020411138
-1.29420713414452
-1.67718755934618
-1.82475392971504
-1.97232030008390
-2.33457217337798
-2.67476396095303
-3.02406153278145
-3.37180517413003
-3.69206065673650
-3.81823212486364
-3.94440359299076
-4.20426870355277
-4.36492908495706
-4.45527229014622
-4.48665587725044
-4.48169296210631
-4.46642630267733
-4.44496631496087
-4.39547372415316
-4.29450801251062
-4.14876434070765
-3.95554769533124
-3.71955906481496
-3.51468346450819
-3.14700843341291
-2.84501931390282
-2.57297391116435
-2.35193785066977
-2.19059216590007
-2.06655233835526
-1.99058863083404
-1.78957977770373
-1.61936680693031
-1.45691400454570
-1.32787063470895
-1.23159355140455
-1.13774316010767
-1.06680016206241
-0.995900770917442
-0.656476631561092
-0.178835334819775
0.413503779075177
1.02731555028309