4.54090245118171
4.39512645037024
4.14479788196965
3.97109270304182
3.79104508362818
3.59738123918156
3.39078189310600
3.20865874783916
3.08198426923264
2.96957225898803
2.92421392841004
2.88160902584460
2.86053376121785
2.84065383008864
2.86902775891567
2.96880115334861
3.12131127287570
3.25101225621254
3.39307553232743
3.58041446364504
3.79025544540563
3.92903136438596
3.91594745268052
3.71127225093832
3.53267478123365
3.35608498622061
3.08412682294833
2.77595815340539
2.16673451268076
1.34433413491728
0.505282727654051
0.0550504617354928
-0.360650984196361
-0.883113583123138
-1.45600947848214
-2.37287407459242
-3.19867003435099
-4.06937488273466
-4.41695484910704
-4.74626218783980
-5.37430418630160
-5.63453811924329
-5.87253850112212
-6.21753810928112
-6.36717517048773
-6.50931264601357
-6.63623084023958
-6.75876433733664
-6.84772604636931
-6.94024248178046
-6.86087875556790
-6.78149676967454
-6.42286208386642
-6.19790632900632
-5.97295057414620
-5.49732064558236
-5.24586965432376
-5.00157565021694
-4.52845521840461
-4.18303952897251
-3.85078027340131
-3.33163468760817
-2.75224624397943
-2.09860209853642
-1.26938630264091
-0.913726246227821
-0.568235889289537
-0.0791144604414610
0.0910232384110012
0.249970307780012
0.761228917278299
1.04359678483939
1.33231400166327
1.98598884365562
2.37978027799681
2.76372662216750
3.24165576159755
3.75893310093578
4.35167498537780
5.03927354699563
5.59436387844834
6.02917526370470
6.27702215126832
6.32619943846182
6.35092828432547
6.32762279259861
6.22100875107738
6.03908860986834
5.81100045115184
5.55600939923328
5.31996986807409
4.91680467618604
4.52691474559499
4.34397156645324
4.16140570861331
3.99930901023408
3.83721231185485
3.66824490850880
3.38980633668240
2.90466045477741
2.59557453543517
2.40614300020907
2.22444206890180
1.82285486940677
1.51489626536411
1.17899928649610
0.780077069578713
0.144123499457557
-0.170536695771833
-0.484064962211748
-1.15036074693998
-1.51109580316097
-1.88655440469740
-2.50489559848431
-2.83785219267942
-3.16690337167485
-3.82845069944993
-4.13781467254798
-4.44723274937932
-4.77162553728003
-5.09650185440489
-5.42242916856447
-5.74884893570052
-5.93654316515796
-6.05258291876557
-6.11761377988213
-6.12306970404007
-6.08039586213883
-6.01517181235811
-5.95036342558753
-5.71772370816264
-5.52126218815198
-5.32403956815902
-5.00166889062616
-4.69363634092969
-4.39498465071921
-3.96817892154203
-3.73605107640009
-3.51908648810220
-3.15347688233967
-2.86847150400213
-2.54439487359402
-2.17518116190636
-1.86052255164622
-1.54586394138606
-0.804534545718225
-0.437699561209124
-0.0778140914732177
0.314201242508370
0.703940420015410
1.08739306288334
1.52725554550831
1.82592967484619
2.07057453398441
2.34108978282207
2.57988308244317
2.80599876315100
3.02575216876993
3.32435626957747
3.56991059425658
3.69884024572519
3.74046045534046
3.75323144876067
3.77029799188783
3.80432116433149
3.83834433677514
4.01649745129560
4.24179016329602
4.44195893025505
4.54503380406238
4.61195059700476
4.63512300286994
4.55589137599202
4.46414466926014
4.37179975579618
4.13799573772609
3.97104243501847
3.79903000069576
3.61882697733623
3.35238369757030
3.05850574180752
2.70879753217398
2.49974453887597
2.29623217603847
2.02818247223386
1.73947535938942
1.18621239427527
0.465206009361710
-0.238361154588258
-1.00614641254067
-1.70171647051033
-2.03048583746441
-2.33249961721967
-2.64580783677270
-2.96322592612667
-3.46357605458671
-3.86520717588384
-4.22134528203540
-4.36164401503007
-4.49458943733889
-4.63962637672296
-4.78887643370712
-4.97493400218988
-5.03056432549966
-5.07761768301155
-5.08071230253411
-5.05345932477646
-4.98165095020943
-4.81645352656380
-4.59071055289013
-4.37576266549054
-4.15734570542639
-4.05673713516948
-3.95993091852984
-3.79590166409455
-3.66489623541201
-3.55056440058091
-3.35878125803518
-3.17521419457610
-2.99211087887822
-2.74833930622228
-2.50267849727004
-2.23332708282893
-1.96073595048365
-1.51169180606897
-1.33549994344346
-1.16002654729079
-1.01364657150533
-0.867266595719890
-0.510566463249427
-0.100199266063920
0.161037406439674
0.409591088579533
0.944429985916064
1.25498873645202
1.57864017163179
2.04051946987972
2.34522633203144
2.63940424264816
3.13771106551536
3.38734879178354
3.62881911744041
3.83796076588601
4.04597840403121
4.47141556304004
4.84441733124528
4.97924660940008
5.10614208123699
5.23796959079408
5.23830310513393
5.23863661947378
5.12902243485446
5.04018459499274
4.95134675513104
4.72849781846943
4.61969839412371
4.51089896977797
4.40049671082661
4.28994937524246
4.02810612118420
3.75411613281966
3.61029966545242
3.46648319808521
3.08872027768385
2.93453141607718
2.78034255447050
2.59203147402348
2.12960215315451
1.50429732572552
0.884751263209360
0.242967115280130
-0.323254504306201
-1.01032766144679
-1.62385227121718
-2.10427137933653
-2.65269406717246
-3.17160590731165
-3.70561810624819
-4.03643179732930
-4.29155228579317
-4.46820774585160
-4.64486320591003
-4.83853566956216
-5.03277431167649
-5.34378350526111
-5.48961002460105
-5.62479078199699
-5.80124479657711
-5.85936586310136
-5.91281265517017
-5.92857365022589
-5.89237488213833
-5.85160886678310
-5.77235912780822
-5.68909783460444
-5.45510111692808
-5.18149988428678
-5.00828476833580
-4.84226694535763
-4.41256204591179
-4.11523583290772
-3.79440658704240
-3.23676544615077
-2.45121241584677
-1.56518622283684
-0.751499040758947
0.0184348397871208
0.390959841244231
0.726335060084191
1.46530499164738
2.08490550470150
2.66527382193992
3.11350887694060
3.50307295360986
3.63336915414334
3.76195418501409
3.88146796801302
3.94888439596412
3.99315979253823
4.05293122924157
4.14571753489252
4.20275482441961
4.25133306513914
4.28436624340756
4.26459254041010
4.19594498147532
4.11015649264021
4.01983151115044
3.99073062022534
3.96396058435761
3.93631278088822
3.95977991019583
4.00278796854175
4.03663199897561
4.02325845623242
3.97983628797903
3.93490415771396
3.77239928417995
3.54711008737587
3.33140981668352
3.12365331605997
2.91892411329133
2.81121008210395
2.70677974247357
2.55355036672034
2.39283509499903
2.17921548493339
1.96412223156512
1.52905953762913
1.15638626727076
0.818606419137372
0.430292151577550
0.0190824583025064
-0.710101149130065
-1.09071561267641
-1.45593213982798
-1.85088943221733
-2.23046384971479
-2.53432463104365
-2.83818541237254
-3.13797419287045
-3.43761703258867
-3.94073513510426
-4.14095370118167
-4.31869979054354
-4.72153348512482
-4.87418238879136
-5.00399245742537
-5.09361347568410
-5.18178980312337
-5.20365885022889
-5.22313008976666
-5.24260132930442
-5.26207256884218
-5.22076399506747
-5.07578227375280
-4.89865085060609
-4.77679319169638
-4.67619699863871
-4.58796946132837
-4.38635812557994
-4.18480016095154
-3.98355122386844
-3.32886035079351
-2.68660025071524
-1.50419314180178
-0.551360499578949
0.314851768238035
0.963923293350005
1.50478170847468
1.89001308056473
2.12495939594348
2.59921835155842
3.00518486571347
3.42037982263339
3.86901704640030
4.26149148538924
4.62483820399801
4.78816434267035
4.93368299184824
5.05449528857439
5.12803213353266
5.09977716568851
4.98128432609667
4.81302513788250
4.69021258785610
4.57201035055684
4.45535018394266
4.32257189290734
4.21904013567098
4.11678013221149
3.99978310738888
3.94095777497489
3.88416394187269
3.80462050208300
3.71284836314653
3.56117654463856
3.37634614820422
3.19062302694432
3.05812665890407
2.90712322477601
2.69179060543959
2.37450030804250
2.14432967266122
1.91605339526108
1.41727895807501
1.08958609036610
0.459104985652193
-0.138510416813442
-0.379045708097717
-0.602143404658045
-1.01813275920824
-1.43037383166803
-1.73963484675156
-2.40306154136062
-2.68351298520602
-2.95237068903235
-3.41421290014984
-3.83276217596660
-4.21282411716990
-4.43927729040331
-4.62478056211793
-4.78393063277015
-5.01152039770008
-5.18445895871823
-5.32090140088377
-5.40421516771697
-5.43225662730117
-5.44491118424166
-5.43529560884120
-5.36663522574788
-5.23268423181831
-5.05456785274018
-4.83983238374106
-4.73733714215056
-4.63804969618522
-4.53747444720924
-4.47792795099186
-4.40649925221636
-4.21815382095225
-4.02577615735336
-3.83349679084042
-3.51710607497186
-3.16864083579023
-2.52557661600506
-1.66117319450509
-0.926082573258358
-0.117199408285426
0.687864320290594
1.10220698354924
1.55169763858858
2.22892730095474
3.01606157006084
3.82367535315857
4.58331191955847
5.23630744773525
5.53988894670557
5.81918246994370
5.97832607481008
6.13746967967646
6.23130868376593
6.17994137750228
6.11912021574906
6.02769981523050
5.93412416967793
5.77475414243585
5.35813646355516
5.16117758307990
4.83928603925376
4.71455415784489
4.58982227643603
4.42758692304225
4.27648807315694
4.13686313754712
3.91580221911351
3.77973956830405
3.64665034181544
3.38691847878199
3.22918049450588
3.07465118821025
2.75409230317041
2.54021181044297
2.33706839892075
1.87528240415634
1.59909241287259
1.32964817641583
0.975431016625118
0.573745235742662
-0.0735709303140332
-0.878575143828182
-1.66451982499066
-2.44140409267816
-3.13536082407088
-3.48732616168734
-3.83036094827605
-4.16101740727697
-4.35878351752920
-4.55312820224692
-4.85449078806597
-4.96460150123580
-5.07134213890813
-5.15648613207875
-5.24098705427224
-5.35168025836144
-5.43527145366028
-5.46484028466911
-5.48977261664776
-5.48654863138388
-5.45131340208361
-5.41504512629546
-5.33419326316807
-5.23899096578147
-4.98393912991149
-4.70618487394500
-4.39628509569174
-4.18113813401905
-3.74636188689180
-3.44145138162098
-3.21362568660796
-2.74117402126018
-2.21597342306665
-1.90380591038495
-1.61050499370557
-1.33352031409113
-1.05793518141279
-0.346323336930672
0.331890940241774
1.07470082715202
1.78511238210562
2.39767805269301
2.61876868953989
2.82634000261939
3.05507190474523
3.30177152597259
3.61047800989703
3.78094077604418
3.94179869517297
4.09382854675146
4.24709534970319
4.50484754087606
4.68088295417190
4.72270089003253
4.75552507994349
4.72432476316018
4.67180196974283
4.61423806798010
4.54187248536684
4.47112516177954
4.43022996639698
4.40523572679405
4.37125950964340
4.33298581576089
4.28646990373099
4.17375959376756
3.97252623111601
3.72137242318802
3.41005703611675
3.01164608626137
2.78834674513624
2.54470076456706
2.16081231970037
1.65627163262785
1.15831706981184
0.622384922502914
0.135315836695538
-0.139490357489143
-0.413497005695317
-0.875217273834875
-1.44523704034128
-1.99621726729598
-2.53313834857460
-3.05790751906728
-3.21152521276702
-3.35321530430545
-3.49490539584387
-3.87401124939503
-4.28638776984783
-4.59037091972015
-4.68148451461792
-4.76680350940597
-4.85212250419402
-4.99947577624058
-5.21393556105027
-5.32223607195367
-5.37327137420233
-5.37259075263752
-5.31278674986092
-5.18402975218373
-5.04474150983628
-4.77712210299385
-4.52524981749660
-4.26366149284364
-4.03995770624399
-3.82885458419993
-3.69080012760247
-3.63306052826900
-3.54030689435892
-3.36941860127392
-2.98515641690470
-2.69694324241247
-2.40873006792023
-1.66961650707158
-1.10301505842518
-0.216372013308872
0.452604207595210
0.873676738037650
1.17630107232379
1.43114190741697
1.70034933479717
1.94216709685091
2.45944033403018
3.04527243464100
3.64119750081422
4.25705400656775
4.75242988376901
5.14767958891670
5.29363225214571
5.40174817309631
5.45614703303689
5.42451466901842
5.31168636422193
5.13723999379074
4.94063162345661
4.78950717179870
4.51450177829623
4.30557365283083
4.13266607043640
3.96554476606724
3.83171427773617
3.71139191977147
3.64436305445030
3.57537081640044
3.50011835079758
3.37310074911730
3.22575048912517
3.12063425928781
3.01921216841969
2.86879273905393
2.50903478714223
2.09757614109862
1.90240092941232
1.71177931642489
1.32069278891082
1.06514736641421
0.822853470927726
0.582390671002139
0.333843962849758
-0.0977277786075644
-0.574975032167460
-0.788357824316823
-1.00174061646619
-1.47197044434230
-1.70614563298875
-1.93283949971156
-2.42970171512505
-2.62757905601231
-2.82528114393012
-3.19087284459266
-3.33510773312368
-3.47934262165469
-3.58857165964310
-3.69656485592582
-3.94190405888223
-4.15900981339954
-4.26466645839857
-4.36756199785990
-4.57489668262625
-4.67242310899025
-4.76871442228984
-4.92660924505311
-5.04076252886382
-5.11574148677363
-5.12825234587047
-5.07721225447003
-5.01093004000732
-4.93226979190104
-4.77002677137006
-4.49237997562045
-4.14848179886934
-3.79205072728136
-3.42042165458100
-3.23709225967120
-3.06915982684356
-2.83906950815615
-2.37945295585523
-1.63992144960040
-0.830528169469064
0.0490807863010404
0.609278182631586
1.10260356675827
1.54102777490027
2.11540876918683
2.54774633626071
2.92815680475371
3.22922833857820
3.44663321619249
3.67555148394662
3.92838726659763
4.35128083835458
4.78271346176772
4.96758999231051
5.14530952204614
5.25169789724789
5.35555271275146
5.42136703089274
5.37307554531376
5.31686009605275
5.26049946357835
5.12698545669900
5.04981648806440
4.97220171619025
4.79597286401288
4.67097231700289
4.54863396047813
4.24708698461082
4.04301479933611
3.84587350671748
3.55226634615551
3.22987208830074
2.87411361657357
2.37629719937824
2.08738967622592
1.81635657543723
1.25746569377932
0.958832067215855
0.667161406460956
0.0643664387780322
-0.602000898602556
-1.25737358756507
-1.87585264826147
-2.44510807454137
-2.78152306806308
-3.10954249400461
-3.45532621375674
-3.82718188781663
-4.08851326823290
-4.25697182645559
-4.37287318418626
-4.41078948679183
-4.44285657527086
-4.46924834665751
-4.50592326977720
-4.54594096289398
-4.59638792710362
-4.64918029829194
-4.68479768966233
-4.71416174319572
-4.73646706674904
-4.73574813222767
-4.70047630085187
-4.64096126560342
-4.56542422029898
-4.52710486638292
-4.48998973086349
-4.40087335275839
-4.26723040804420
-4.06421217771790
-3.71754151194062
-3.23205007915227
-2.91964106781171
-2.61753702359044
-1.89261330495597
-1.18338140635247
-0.441905393281751
0.212460741072289
0.843339565353057
1.10886287093984
1.37591779482872
1.67494866495366
1.91575144308487
2.03937852730542
2.14434180420641
2.28066563349719
2.40241646659905
2.55519246232608
2.83355693815969
3.27703788981313
3.77598080115787
4.20464701164755
4.38504809589186
4.55072182590519
4.66780983271563
4.78010980803780
4.87706933684098
4.90931070974888
4.90311890116301
4.89692709257715
4.87326252797434
4.86347958277313
4.85408412983934
4.84468867690556
4.79436731414317
4.70927257406895
4.58150975156942
4.42585016732413
4.25339633440929
4.01476677326138
3.74393787530551
3.46169089610345
3.11686864226645
2.75000966794073
2.36663470316496
2.09617067957286
1.82909881104235
1.56168817700309
1.06941950840224
0.504873882148887
-0.206129729979946
-1.01109976143990
-1.56449731815687
-2.05479933439438
-2.50345661807109
-3.11576417006499
-3.68621470947801
-3.93361962454860
-4.17338514344043
-4.43801430873640
-4.65209228484169
-4.79189818776981
-4.93170409069793
-5.06603286159886
-5.20020385503399
-5.40047834387015
-5.48475920413818
-5.56048689726601
-5.69245579600173
-5.72771740336704
-5.75847261564153
-5.74965700937516
-5.70469316604213
-5.65972932270909
-5.55989107401144
-5.44621657606734
-5.19986274505963
-4.78460935984024
-4.59657211141816
-4.40853486299608
-4.06449658430404
-3.89132545081259
-3.72390582987289
-3.29576887888308
-2.96162846158854
-2.63494477049672
-1.89697655860297
-1.51569133857297
-1.14192485434515
-0.731217801498356
-0.305730530891497
0.148088135687186
0.787778275204485
1.42637700219863
2.12628310531170
2.78550106089468
3.20086973312756
3.58359923970638
3.94086912013027
4.31092695087905
4.61053825127626
4.85901359148656
5.06726097629939
5.16426370384412
5.25682404906866
5.41001908546199
5.45290518241261
5.40769499247794
5.28221288236007
5.11296495613644
5.01517899133614
4.92269846224882
4.75468422412867
4.61351078539010
4.52829875374271
4.44740748411110
4.23584993857588
4.08288281827453
3.64725888619537
3.31322011811395
3.15169430106335
2.99016848401275
2.65449216110594
2.30569017866084
2.10048959986477
1.90573989265449
1.44949092720204
1.01382620836072
0.549436909507768
0.104578493929480
-0.267085656619988
-0.449698829443888
-0.626705877722356
-1.07193645565302
-1.56798118335596
-2.07524423318684
-2.51912881131638
-2.90750356561787
-3.07710723177951
-3.23141695748580
-3.55539653032123
-3.83637164946596
-3.96457912354720
-4.09439277141607
-4.34157608161925
-4.42940554659556
-4.51308193577796
-4.59675832496036
-4.71162219911125
-4.82798302024555
-5.03278347142380
-5.18288514089287
-5.26851491445310
-5.29318476798458
-5.22434737230193
-5.07906124693831
-4.85160793440138
-4.56061622136267
-4.20731658466510
-3.95833521513281
-3.72938057750038
-3.51653503297333
-3.23322193400978
-3.00765223859302
-2.81854271973895
-2.69391345865560
-2.56928419757225
-2.26036911112827
-1.88980475787932
-1.49057190855260
-0.703255579801623
0.0753029545819149
0.810133713889000
1.36805064943057
1.67843835201652
1.94059790228773
2.16779744775626
2.33780878494769
2.50528797924965
2.81433248831288
2.97654562566263
3.12926583826487
3.29595819475725
3.47556301451535
3.67596057399845
3.95635351594126
4.10947634989910
4.25499907491536
4.44852055681629
4.50531642386421
4.55811578261466
4.58155440222746
4.56295143085594
4.54114386810729
4.45545258784332
4.40113891542213
4.34792740348581
4.28923476405408
4.22622165524956
4.14451336763187
4.02695370151761
3.94779087081489
3.86983219972693
3.63732854758034
3.44183991356001
3.21073228269056
2.88391076551966
2.63140966517100
2.38229665576071
1.89305325484308
1.36130228501712
1.01421998099645
0.637089463179219
0.195137487273212
-0.525697424140920
-1.25437357695503
-2.04324638845442
-2.76132433244881
-3.29992437120149
-3.71282310871537
-4.06349758094274
-4.55922739696548
-4.92095735078009