4.25810845937467
4.07463525303159
3.80812424163212
3.57477602825333
3.26726587568410
3.05681232804274
2.87727813493988
2.72400865264697
2.59374375808841
2.49262609513791
2.44471880674560
2.41326911474812
2.43546565935568
2.49432088055362
2.59576836349326
2.73567702071723
2.90614537133343
3.02162445760037
3.19685147337926
3.26700031040018
3.28119410926679
3.25178971416426
3.16833958128150
2.99789710588823
2.76249428564627
2.29903717889639
1.81660064225316
1.29038614779479
0.718272370194569
0.0774067815246341
-0.646682870729589
-1.29701615648351
-2.29064223507867
-3.01387121703233
-3.72412895346355
-4.26839214458794
-4.72960424161182
-5.13862268502093
-5.41241678820576
-5.90670198123198
-6.26368336118910
-6.58917382318953
-6.84414787132154
-6.98391786126422
-6.98228351539855
-6.86355032084717
-6.50717703164157
-6.12057706523499
-5.70269349292069
-5.29435451321131
-4.92247784391905
-4.60185471954245
-4.43642173781979
-4.14249959422516
-3.93325275628410
-3.67382664732556
-3.31632920700747
-2.87471488151537
-2.40510290644771
-2.13092433814376
-1.65742725236636
-1.44289647021475
-1.33717411309991
-1.30320346991459
-1.27931404251549
-1.18441245658029
-1.00810988133951
-0.396064785284441
0.360807170195794
1.24330802026169
2.08322283348500
2.77715002490500
3.28993063895010
3.56370393778102
4.19278976483222
4.74752435291774
5.40801860157032
6.08600700001547
6.68620487680983
7.14732496876844
7.33765026254527
7.54571645773522
7.49301538632142
7.31219080627147
7.01003052591043
6.63816086334275
6.20634402090415
5.92253308512056
5.27135936030640
4.82333323026837
4.39387459992064
3.99822703225459
3.65370623865032
3.35863277073193
3.18283036422382
2.79189363973308
2.55759454657777
2.35429076406074
2.15452411295984
1.91506663535131
1.60231907432813
1.38140692993571
0.824019526081867
0.435457981346505
0.0141486328849427
-0.404478829993098
-0.885691927311570
-1.41293851262095
-1.76036384242406
-2.55356475503618
-3.14651617981412
-3.75512230287389
-4.30260420764849
-4.72088719823971
-5.03221680269142
-5.14393826314687
-5.35041590775949
-5.44334874644997
-5.53068994116102
-5.61651280524306
-5.69280353065140
-5.74328261894052
-5.74338463418407
-5.68394414525071
-5.53492183826909
-5.42825437455367
-5.32157071664293
-5.05296129992549
-4.75578285395054
-4.59167719039832
-4.41786439392353
-4.20934614666416
-3.96474490195919
-3.69802305335183
-3.52401464592162
-3.35429136429017
-3.13608263697567
-2.89354956226213
-2.58698005360956
-2.20551414384000
-1.87257810032966
-1.60028644827086
-1.40775765063725
-1.31826256976315
-1.21899261690814
-1.03140254513585
-0.752009616742873
-0.403687729722036
0.0169913089362099
0.508607517372458
0.788513235791559
1.08253867824056
1.60131592222540
2.08605525430409
2.52852806052726
2.87929182083074
3.19694544437538
3.35545900557267
3.51293300367524
3.87449632169126
4.26074691532403
4.67194698099695
5.06154612351164
5.36451319340485
5.46008726766005
5.54082178447906
5.52143263945566
5.34085108397222
5.05977186444462
4.73243963337317
4.39684574315086
4.23555242290539
4.07562933491735
3.73204681708217
3.40999157019806
3.13740372578571
2.90135628454489
2.70045791158122
2.60240504920316
2.50437276004185
2.25564394388359
1.96773830477965
1.65589044654402
1.32985382429449
0.940712449977218
0.721852680019234
0.499659532954907
0.0243767143576714
-0.460772422173670
-0.921957409661800
-1.38436245394537
-1.90362713077642
-2.15369934564213
-2.40377156050786
-2.96946484742514
-3.39735844001856
-3.72891025869161
-3.93532694886302
-4.00608425795202
-4.01346259663567
-4.02084093531931
-4.13082604073028
-4.33142653873188
-4.49042686314415
-4.55426742876184
-4.51301635267809
-4.46864186609653
-4.42424472786753
-4.29766350609069
-4.12606550583446
-3.90559847136975
-3.62192002514184
-3.24825019619969
-3.02690748935324
-2.80582417958938
-2.36513094966170
-2.06271514917144
-1.94238940659550
-1.96865629670614
-2.05024092765563
-2.05876088628247
-2.06706099133160
-1.93813012652577
-1.68006716464488
-1.34001864477796
-0.992248131020548
-0.669677477114456
-0.558461715649879
-0.447245954185301
-0.225371235792411
-0.0414993948126691
0.189595285276391
0.479203338885462
0.834658930342053
1.03756713056843
1.24047533079479
1.86023655524605
2.57258401152209
3.36238990203572
4.19815738640997
4.92297246828712
5.17181399690366
5.41758967332534
5.77911211523739
5.84414656233057
5.71652252031731
5.44287943963958
5.08527117795436
4.91009725911808
4.73492334028180
4.33233211604216
3.99455925916153
3.69394757782221
3.42374183960059
3.18361886300688
3.08136770729910
2.97997668973731
2.76962009470349
2.57626791918617
2.37646874425818
2.19259071532011
2.02893914755554
1.95581551190037
1.88269187624522
1.65345974321715
1.37467084599109
1.03049483435633
0.645248286044421
0.222594723841832
0.0182228228659744
-0.186149078109884
-0.755893258931666
-1.26940310522456
-1.74968095146582
-2.23773982417245
-2.69399792562696
-2.87160245132234
-3.04780670779283
-3.53791977224095
-3.89909730386484
-4.23393113308616
-4.54378885321761
-4.81939208999349
-4.97696193022859
-5.25489505149796
-5.38284082800660
-5.43628707867232
-5.42642497830495
-5.38301898187939
-5.31881762700913
-5.26823809820235
-5.21350039265506
-5.06539475702860
-4.85946663294685
-4.60070206970902
-4.33005055254231
-4.05509801467183
-3.91584933486264
-3.77670932933485
-3.44995134472002
-3.07908716077002
-2.65218143757239
-2.17274649410457
-1.67074842214327
-1.36026723009130
-1.04614918823269
-0.421691519308513
0.292271819452913
1.06342382881334
1.86122265028541
2.60788961586859
2.90876574649428
3.20658974494345
3.56824166490301
3.74163628863583
3.77941635409786
3.78830516193112
3.84098490516927
3.89516171754859
3.94933852992790
4.10559066360905
4.25732818972196
4.38397813423300
4.45635318972284
4.45900009421830
4.41708245003250
4.37516480584671
4.16916991253350
3.90038296753140
3.59498467336462
3.29813194848894
3.05116866178489
2.97548447038568
2.89980027898646
2.85084587211625
2.80724640587489
2.76959794123718
2.71985846255893
2.62432068414812
2.55357184434437
2.48283792530994
2.37639388128751
2.26349851821795
2.00873063841891
1.69724282865733
1.36876483644357
1.19044033279305
1.01317431294912
0.773507279197580
0.523513115374496
-0.00907851453378150
-0.567290899838537
-1.10907297103266
-1.35433665087493
-1.59960033071720
-2.10057195857165
-2.54696109503191
-2.95518844334432
-3.31990231644495
-3.64032119780428
-3.76652500029005
-3.89272880277582
-4.03004562040795
-4.17071384453417
-4.39611937792555
-4.56944860338388
-4.68746870997915
-4.71214966339545
-4.73683061681175
-4.74423433856727
-4.74490246132229
-4.69408482683057
-4.59167039128529
-4.44792671373254
-4.37286619586360
-4.29780567799466
-4.17741103417112
-4.02553036690859
-3.70763200122913
-3.27967491094837
-2.80750387986116
-2.60247576705016
-2.39744765423917
-2.16608105584960
-1.92601046641017
-1.52921616311358
-1.10918833951885
-0.631372996726459
-0.425473056339597
-0.222625255670317
0.0317401094240843
0.612567416580309
1.28189107313728
1.87582731752073
2.41931903692700
2.71077236413420
2.97188834753495
3.20653052677243
3.53038285982514
3.83820344110841
4.11628577801841
4.33886506219638
4.40382003830244
4.46512098223636
4.47388073032078
4.37736769691993
4.20559973857803
3.99910077648900
3.79424148455673
3.70784499077705
3.62144849699737
3.47975645831149
3.36592019540572
3.26490698173320
3.14482629438966
3.01353921714580
2.93306331283789
2.85292502379003
2.64462753997680
2.40214953421188
2.14166371832747
1.87510511850088
1.61542257568834
1.47521352919187
1.32770836313881
1.01040903614265
0.599161805006532
0.126604457358633
-0.372093314412213
-0.854494651325163
-1.07577264751598
-1.29705064370678
-1.71294824933214
-2.09946127949856
-2.50045802445284
-2.86170270300630
-3.18450694878552
-3.30739945880964
-3.43029196883376
-3.68926747337524
-3.91227257378192
-4.10602439624411
-4.29800821322613
-4.47122334155095
-4.53404613699088
-4.59686893243081
-4.64322478042367
-4.59500257024227
-4.48857917253453
-4.35114402564784
-4.24474811936979
-4.20957756537866
-4.17462133040144
-4.10237707360835
-4.00560814963827
-3.85957571053529
-3.65677386647448
-3.41384587724898
-3.29580324751738
-3.17776061778577
-2.95812318882199
-2.77139318960775
-2.55067593697425
-2.17193283166838
-1.63924890420965
-1.32403527352460
-1.00882164283955
-0.0677061725225858
0.760127637650832
1.51359202972514
2.14416074165199
2.69956128099684
2.93287971047240
3.16619813994793
3.80973588819304
4.35960352946862
4.83248020317442
5.17766268857013
5.36703853673606
5.38105118365074
5.39506383056542
5.28837425995475
5.07472816138005
4.80714360683603
4.49110488848493
4.19414372718941
4.08443440243524
3.97472507768108
3.73331580180643
3.59900282079584
3.50984414342380
3.44909846453163
3.40985696487957
3.39156842915669
3.37333433414919
3.33818981914103
3.24096177568042
3.02818032979089
2.74148781257007
2.36354779096036