10.1980498605663
9.95446032571007
9.50670179025232
9.00339414418430
8.29148367734091
7.58241635639058
6.77163187388710
6.13673763020752
5.80246483002517
5.49095854191489
5.09663630283290
4.76773553608677
4.46167698774406
4.03553472277838
3.52985114698548
3.01941257661851
2.52420766643902
2.06843128143239
1.52716628046898
1.08881746322530
0.651386838497847
0.281518322779783
-0.121966693500961
-0.523359823674805
-0.860590937737976
-1.49254107328742
-2.04032433697003
-2.35096392585670
-2.67495292506952
-3.32206635647473
-3.68094836595039
-4.04830232186306
-4.54838343862135
-5.45188292835972
-6.13315670738782
-6.66559857609258
-7.18882755226939
-7.38436164436934
-7.57915533778309
-7.76494734190696
-8.06988499929851
-8.21875824094799
-8.33099664449926
-8.38090391689755
-8.37693604729504
-8.30453362533516
-8.21549263882841
-8.01883908969510
-7.66212233317195
-7.17339599874769
-6.29147738517511
-5.23743084863487
-4.60166420580311
-3.96589756297128
-3.12349982041464
-2.15432471591806
-0.844930292977557
0.755879306843315
1.68847165048034
2.59191404493298
4.39660747038145
4.82468564944040
5.25276382849939
5.68084200755839
6.14950620185772
6.74216676226420
7.34867807373253
8.23631803969306
8.70746752350416
8.85098857215801
8.74018357151750
8.48280738703096
8.09327765315851
7.66123967136087
7.16262628751769
6.70505208745353
6.19195697580441
5.72499670117620
5.22149426212765
4.77514244616208
4.29390428327258
4.04986330172105
3.80582232016954
3.26449019912473
2.84122391916588
2.41168453439724
1.67422337766138
1.20107546554640
0.707706928783966
-0.266535045257964
-0.825144328867447
-1.38237748337249
-2.39691904192668
-3.07174746874542
-3.70709091947418
-4.72697191302195
-5.18467161092824
-5.64237130883452
-6.12878772751992
-6.63230219360491
-7.17467015250011
-7.68803003019879
-7.88643311252985
-8.08483619486089
-8.37244649402374
-8.42586097298383
-8.42191589304878
-8.27049391190502
-7.83921915494967
-7.23509909811009
-6.64183170606130
-6.14045791744764
-5.79834112901953
-5.40319165133794
-4.91836664102270
-4.02573487466167
-2.69052239480287
-1.38329842679014
0.0145709144210621
0.706236086063413
1.46422247840905
2.45038685388473
3.65640203300311
5.07727543843071
6.48048625244405
7.60220111759135
8.07029499776847
8.53760652557494
9.08835373171904
9.36832247201877
9.48048764560167
9.48387691209998
9.40535211818943
9.30046941161777
9.15211342198876
8.95453714813069
8.49833504649254
8.02352020978437
7.63972906506344
7.26637386505521
6.81093094500039
6.30448257539895
5.71869121693923
4.93634055903725
4.50987854066431
4.08341652229141
3.09191981525053
2.57558496163977
2.04454975602580
0.989323432924011
0.431518181109679
-0.164353371339708
-1.17856193679500
-1.70231115958939
-2.23291067778371
-2.95350746954332
-3.58553848310062
-4.16065929226761
-5.01189755451285
-5.33576629981756
-5.66505175693832
-6.13453103493239
-6.40040479153447
-6.72042075244394
-6.87532673529226
-6.97160156341237
-7.03646734437604
-7.06381613170256
-7.05788338437327
-7.02279372637296
-6.89491399001155
-6.73200466171012
-6.48781863825235
-6.23563414467249
-5.92581437484444
-5.62079781340160
-5.26441839042635
-4.81456660459516
-4.27824166396219
-3.24967911291436
-1.84065746916474
-0.593625921484617
0.782346823443155
1.75739784508989
2.68999358557757
3.34830410689622
3.93817236929607
4.42901211583414
4.98218934909809
5.53033483089287
5.98666776573665
6.47936064355243
6.82635411195956
6.98988850872307
7.02688979300424
6.96448411842154
6.85415759287509
6.73737327203950
6.67120422551388
6.61289411252253
6.55180711148636
6.44129985479558
6.31731902194377
6.05842436259849
5.88121094801513
5.69482298592165
5.31110657668239
5.10870932979890
4.89384640920608
4.46400231454343
3.93463907912850
3.72932630744931
3.52401353577013
3.27961926848605
2.50598434487378
1.61963148758102
0.570832203390455
0.224588470424247
-0.121655262541926
-0.471586142662919
-0.998572383219954
-1.52555862377699
-2.58944400742951
-3.07438519237705
-3.57729208253544
-4.38711039607160
-5.13688543365976
-5.46436500426057
-5.81286975613504
-6.25302603708171
-6.68373799891931
-6.99225103993122
-7.24851839186934
-7.38644689209282
-7.39515463353807
-7.37491949656575
-7.25500092361859
-7.01056200176076
-6.59302961667488
-6.15133761459434
-5.59021105891759
-5.36046049533086
-5.13070993174412
-4.79791797851836
-4.19654788754659
-3.39086506565210
-2.38169738275468
-1.36384225019740
-0.760343205659462
-0.181129030043097
0.295886322195340
0.772901674433683
1.60202536469107
2.49750953325816
2.83456384817027
3.17143610834284
3.48171766744150
3.79194588578738
4.10038810858303
4.42775297482552
5.03330614190090
5.32564538956890
5.61468202958442
5.84459013070218
6.07490266017421
6.30893671349626
6.33926794055384
6.26763775891725
6.17982789009151
5.93164299860868
5.76973138567697
5.60225920058712
5.23349033608241
5.04556284426216
4.84442238687741
4.44060868555287
4.24149494937258
4.04238121319230
3.74915580508142
3.39870736817825
2.79500273380886
2.12314235600671
1.28587391590672
0.518082278753091
-0.264854757337947
-0.608629561746546
-0.952404366155145
-1.56822491706488
-2.23989058392060
-2.77723085028053
-3.32111280666268
-3.78873536960897
-4.00762012377398
-4.22650487793894
-4.68004272086335
-5.03690362930449
-5.37754775398903
-5.62584089859545
-5.87693395270610
-5.98263326273879
-6.09350193347851
-6.21991191829503
-6.34229036104856
-6.41267400953427
-6.42334982365122
-6.37779575800530
-6.32087816387991
-6.25211580437491
-6.11985694931952
-5.92533328856434
-5.59969499675981
-5.16421436259878
-4.85129095661424
-4.53836755062967
-4.08909167312079
-3.55897448787454
-2.71297344783659
-1.71276125375054
-0.706503314240048
0.300476932985341
1.39852880891699
1.86190603094566
2.32528325297434
3.27751633720226
3.89318178738729
4.25599309686964
4.43852623860019
4.48232857754233
4.52724932915015
4.59401702057018
4.66078471199021
4.98267825824673
5.38720477527864
5.57408889053421
5.76306734314999
5.96997177177866
5.98927282627021
6.00857388076175
5.89537859850822
5.79415335127204
5.68595024251920
5.45001724399627
5.15903616451221
5.00071131249461
4.83394086047099
4.46132805767712
4.06649540364076
3.62118645317113
3.09654536378574
2.57683501948622
2.25672420023276
1.92353663990432
1.22042650717529
0.526568010397514
-0.256305628610508
-0.934061801747686
-1.62498909203552
-1.91551919983133
-2.20604930762716
-2.58543162429542
-3.01152616034457
-3.66805260177407
-4.37662559518373
-4.98531368757876
-5.29773751903819
-5.63658218565361
-6.05784694307156
-6.44622836510339
-6.77585288634470
-7.01407626357669
-7.19043459546377
-7.23086612056664
-7.27129764566951
-7.27777197554806
-7.25759374991529
-7.16309456389883
-7.04130649021565
-6.67384613859011
-6.47091141234921
-6.26797668610828
-6.06504195986737
-5.57675029421465
-5.01106613121472
-3.79172218809267
-3.05899512724834
-2.28478360119877
-1.09817836524166
-0.534449571378365
0.0314390092014022
0.784041942009094
1.07950141315199
1.37576255940593
1.92707555187740
2.23306670363075
2.57250393351016
3.21162335345143
3.62791045598894
4.06640861116745
4.92438127020865
5.31660866813437
5.70607468855448
6.04600327008575
6.37600709404263
6.67502571030438
6.80751562907388
6.78425027282910
6.75521850874941
6.61711669275637
6.51550678683393
6.39722869052267
6.14833747190180
5.95479731846763
5.74431968241454
5.22149514312296
4.86887647623094
4.51587277968855
4.06193052058288
3.54451207363632
2.78403277891167
1.91416100340236
0.930301235749584
0.0531750842684187
-0.857232884443109
-1.20122957970331
-1.54522627496350
-2.49719741001449
-3.22995647458788
-3.82314528063846
-4.40913608795750
-4.88149133091565
-5.07470814424649
-5.26736556192674
-5.47142103523390
-5.67914129899173
-5.98707001511191
-6.19592702971635
-6.33645260723145
-6.36719431099021
-6.39316679315674
-6.38388813627431
-6.31990270418845
-6.23553988967479
-6.12279707202998
-6.00374565217596
-5.90951483949668
-5.78633639486406
-5.60898772298151
-5.30415782307142
-5.02088919058776
-4.73637514299658
-4.40850573681742
-4.07733682492868
-3.69127507819358
-3.30521333145845
-2.12052921240379
-1.02062586231393
-0.484442084540850
0.0786336131604886
0.979159276917320
1.36168043680253
1.74420159668772
2.43848446970684
2.78309477626055
3.15607490465369
3.83564089620567
4.21456309635964
4.59236982643025
4.95503152974240
5.33311400098447
5.89656695338369
6.38123762229023
6.55063375079584
6.72317716654781
6.95557968702480
7.03162551614089
7.10767134525698
7.14394827770745
7.06326693574622
6.80663515369126
6.45467784496424
5.94384159577007
5.65562253121535
5.36740346666063
4.58362754769710
3.68127876720460
2.84031075023667
1.89953462695241
1.11738685532321
0.797633311769741
0.516617249337160
0.235601186904593
-0.276765003353582
-0.927129466892727
-1.95991682141814
-3.09000641882541
-4.02794963207002
-4.94971433116426
-5.60395671333428
-5.96705401128720
-6.29746256054570