10.3330057012447
9.93894905991622
9.34023719622659
8.61501169350980
7.88707228513078
7.20520363787427
6.77968273160208
6.38000512811191
5.66575553840067
4.99615533555934
4.34814212426092
3.78582677519541
3.26506117717939
2.81480348538428
2.42792446029751
2.11971559647001
1.94926815847949
1.79103940530583
1.49071723556649
1.18931024812886
0.821814310768103
0.376223554463703
-0.137155428302938
-0.726570465745130
-1.38916430851522
-2.11506212275354
-2.75521862903910
-3.35991396523683
-3.88817252803771
-4.33998264798201
-4.71406263439416
-5.00751978256262
-5.24441638447803
-5.45978611319597
-5.67738552068523
-5.87184779031900
-6.10171221334769
-6.29324695244619
-6.44955882873390
-6.53258293101752
-6.55896829020507
-6.46212679331346
-6.25317254909869
-5.95396178069791
-5.60640715441223
-5.29673178299470
-4.97450116496361
-4.58920034565652
-4.25602929927367
-3.97991849422385
-3.75626251007532
-3.51018964045251
-3.12963482740055
-2.59171394726554
-1.79067299265034
-0.975918556023519
0.105569458000350
1.18470777450799
2.40299055596574
3.80363975954720
5.21675727147910
6.92753583855335
8.35330850654301
9.48582332300686
10.2320599403911
10.5447324043899
10.5575614345289
10.3072521294042
9.75983245418526
9.12902388226025
8.42332012001449
7.66546089669164
6.91260595493760
6.18049580296271
5.54227691295467
4.89997769838822
4.24107492354081
3.71444620943933
3.23295121792464
2.77586619439453
2.32130691087474
1.90114838049520
1.31189634126888
0.801213901830216
0.300549657477452
-0.159459607535214
-0.745004485906389
-1.28674742110640
-1.72063744339878
-2.37425805146033
-2.92585174147853
-3.50107937096747
-4.05583136254705
-4.56485991258968
-5.00100693354608
-5.26605301943198
-5.64969238793554
-5.89482093588720
-6.09387126333050
-6.21666535457034
-6.21616758030034
-6.06019315693001
-5.83080789348723
-5.45770553860677
-5.21640435496723
-5.07628737546329
-4.96056991112240
-4.83126733054933
-4.59754845208883
-4.30876897028199
-3.50667439181467
-2.66638009015642
-1.93126435472722
-1.47204105887105
-1.29360390440272
-1.31856621190598
-1.39623286217192
-1.45608292615669
-1.19323935318495
-0.600908038200051
0.203243746552981
1.09176950639068
1.97019368293110
2.65243056488240
4.00580924462979
5.13615457378867
6.58701772077793
7.79004558575200
8.71264950598398
9.27094823332101
9.38963447958058
9.30158820577342
8.92700160003577
8.41981649355906
7.83492342580891
7.26032510561301
6.51876546186829
6.04064603302856
5.11304400992416
4.42893536284573
3.78252073012447
3.14054266997987
2.54234859388667
1.97959479457426
1.60658304648030
1.01652911158802
0.469442569288917
-0.0327556863353452
-0.577497583595031
-1.16969068430404
-1.77736549699509
-2.13420338677519
-2.91476265798249
-3.38772374718695
-3.81945072109012
-4.20914588756940
-4.56768149574625
-4.89941818485908
-5.10951468461128
-5.54284495799945
-5.85298195876285
-6.14551649062772
-6.39424705981824
-6.56508367063153
-6.63231747468790
-6.60825834903319
-6.45861240597196
-6.25284923020526
-5.99595697581062
-5.70515202513539
-5.38581873984158
-5.01311464296528
-4.74393644122222
-4.08654056808996
-3.60331680706787
-3.17413816152648
-2.81403021789149
-2.54001000681243
-2.29489542184176
-2.11369905431910
-1.47419918487568
-0.774769434192242
0.201939991563145
1.36435200310668
2.56830011510375
3.65324378792891
4.15233550202701
5.24197456135393
5.68895162417685
6.04153889956696
6.38457292899416
6.75726735137041
7.12245131074218
7.28048766220535
7.51733204401075
7.44598187453001
7.19104009167622
6.79665926906603
6.34241522015256
5.88760053720217
5.64294898594132
5.38917023179040
5.11634061391946
4.79967607931209
4.50578624299706
4.20431574178772
3.87983171899823
3.66732785900958
3.41923521208354
3.07185445457300
2.56396388543274
1.98655013967481
1.34077758386881
0.636627840370074
0.250123239657532
-0.164657603026050
-0.843129907926217
-1.56317580521235
-2.26590063736148
-2.93529442811366
-3.53861696553835
-3.81519322154463
-4.10318835776002
-4.55036966353943
-4.96720316964268
-5.31966295172554
-5.58768778096685
-5.76019896426605
-5.80228678762491
-5.84059890787150
-5.84607301165609
-5.80021469230523
-5.71359177293991
-5.58949898849267
-5.43228795501654
-5.34122907115924
-5.24389379385376
-5.07905364111703
-4.87048265746442
-4.61440040499909
-4.22893750938443
-3.72541762165351
-3.45283529294256
-3.17736528335095
-2.72908147845870
-2.40411929155237
-2.11170312571693
-1.73677457263580
-1.20831794064509
-0.881230822451777
-0.554143704258459
0.316481811432529
1.21229538352539
2.11461808349422
2.95485194864948
3.73708799720739
4.07310511353485
4.40912222986230
5.15964049738518
5.75080052536435
6.20240986292553
6.50861541584911
6.67197537559604
6.68544469234686
6.69891400909768
6.57776937731611
6.32571255478297
5.97917266984810
5.56560212406845
5.12409845581949
4.92432552760960
4.72455259939973
4.24880724381791
3.84134265246438
3.45955484996943
3.10298774810892
2.76431785598979
2.58567991714912
2.40704197830848
1.96044650437274
1.45850653590177
0.919535694873997
0.360622487796078
-0.209445747998703
-0.484797191499074
-0.760148634999420
-1.45113109299781
-2.10175909866662
-2.71227271632250
-3.25443120934753
-3.71094525894941
-3.90051731519782
-4.08823467428167
-4.46201230048530
-4.75639101146999
-4.99658783325044
-5.18734183503131
-5.33400189890836
-5.38032084282087
-5.42663978673338
-5.48393014673844
-5.48247716640291
-5.43887183247931
-5.35134504911494
-5.21399759876961
-5.12602289269325
-5.03804818661690
-4.78989774692171
-4.54185199107334
-4.29048115076783
-4.01874741944305
-3.71309620991862
-3.55754704785080
-3.40199788578298
-3.01749017559390
-2.61864544178178
-2.14390416194399
-1.58142655693878
-0.935261415901977
-0.624809547714986
-0.314357679528023
0.523731691070107
1.30103107342555
2.09437621704400
2.89851159587944
3.73740522298656
4.10460734036753
4.47180945774849
5.43251188193615
6.11802150070554
6.62631848012370
6.94006191541021
7.06802101984150
7.04716783987971
7.02631465991793
6.81056906814790
6.47063036712257
6.04646638743492
5.58365735583624
5.12403710720093
4.92577252951621
4.72750795183148
4.20286378445945
3.72622714425156
3.24629441557142
2.77051280603372
2.30897974793084
2.09956820244194
1.89015665695302
1.32709556171440
0.778591627269072
0.203580115741022
-0.384912624946308
-0.986858110649386
-1.24789277385359
-1.50892743705780
-2.17222716175336
-2.72751089061286
-3.26030771666147
-3.75686466332661
-4.18593029301602
-4.32851758848949
-4.47110488396295
-4.80152595379377
-4.99859951223193
-5.15446653589900
-5.27818598907349
-5.35935532508174
-5.37256516463378
-5.38577500418582
-5.39901118779927
-5.41232263228798
-5.41981757941691
-5.40736090812117
-5.34519180430231
-5.25256470338070
-4.95599885011792
-4.60022030269517
-4.13196131172731
-3.58370198055907
-3.01311192603757
-2.47648977555550
-2.21063821289221
-1.49170510274265
-1.01305462384538
-0.432555138009880
0.232990744458579
0.951530327897803
1.65741013061943
1.92958429681824
2.20175846301705
2.82983723312696
3.30993821694371
3.82482061014507
4.42328356278260
5.09240933182337
5.40409887836395
5.71578842490450
6.32509699239808
6.71953663544674
6.82692620390408
6.93351603420425
6.96768718496049
6.90217179898329
6.83665641300610
6.52985909423616
6.31595784219835
6.10059492800259
5.58816859334641
5.04741375405629
4.78180661958118
4.51619948510610
4.21290695030581
3.90246253914275
3.27671358548896
2.61100057163059
1.93124114971855
1.63035696541848
1.32947278111840
0.956040370890545
0.552832600814201
-0.145796491837617
-0.838143095501819
-1.51633176404037
-1.81710426527286
-2.11787676650536
-2.46720452250846
-2.83151829987210
-3.43880905585280
-3.96636846748381
-4.39281996281620
-4.54221002050030
-4.69160007818440
-4.83554148845308
-4.97888050058237
-5.18089615834821
-5.33971780335798
-5.44876696575855
-5.46077598130622
-5.47278499685388
-5.42856738138017
-5.36917109767017
-5.14472892642115
-4.84857803794455
-4.53729929894361
-4.40593022159707
-4.27456114425052
-4.12004359688983
-3.95733436116173
-3.59847835824312
-3.12241029113354
-2.53823242643002
-2.24410435587432
-1.94997628531862
-1.57199021952101
-1.16136604039598
-0.476101337468660
0.142846468196520
0.690712163463120
0.935005961594750
1.17929975972637
1.53505560418346
1.93435427176477
2.78364342824031
3.73473918689081
4.70805380351975
5.07043673052035
5.43281965752096
5.83512391656193
6.26858840219977
6.67313430982163
6.84478873668975
6.83095612200337
6.77743678960576
6.72391745720815
6.63393973191592
6.47468962059061
6.22444239654472
5.94216599863825
5.61365832736720
5.30856037410498
4.74048222632169
4.17972155025503
3.52418376318717
2.79882341195735
2.00301695383220
1.18624757095210
0.693406432279964
0.152923594593765
-0.498058726334953
-1.34551836182518
-2.18464667970032
-3.00150812285735
-3.76013157783080
-4.08769197788577
-4.41525237794075
-5.06686943616872
-5.61850752643944
-6.13955750050727
-6.61846536277160
-7.03780869002411
-7.19481786890229
-7.35120063751020
-7.47165536723006
-7.37696612491761
-7.11170244237410
-6.74501055533100
-6.34790978202081
-6.17179253863883
-5.99567529525684
-5.63054639936716
-5.26337381856306
-4.77904241593605
-4.13657272013158
-3.39033094171904
-3.04390875434084
-2.69748656696263
-1.99673998948607
-1.47936489348264
-1.00328464429547
-0.435079125303173
0.311272625058344
0.743065219219053
1.17485781337972
2.25798926144092
3.27211256030017
4.20651104670684
5.01477560438877
5.69064365404823
5.93852111862553
6.18639858320285
6.58447712004072
6.74459042097820
6.72749403947336
6.57467231407449
6.33460569842072
6.20785822450609
6.08111075059145
5.68276687213423
5.34025898491850
4.98177687065764
4.63239960798996
4.30506302975555
4.17170549540780
4.03834796106006
3.69214319873075
3.37102738089712
3.01282008759576
2.61130004017393
2.16719906658693
1.93948278577087
1.71176650495479
1.06633857930223
0.387458910754229
-0.288617546073152
-0.992678187129680
-1.66324549582298
-1.93105179330003
-2.19885809077708
-2.87960664309622
-3.43326851411473
-3.91407626507764
-4.29878096202835
-4.58951785144964
-4.68483197583630
-4.78014610022294
-5.01857908933434
-5.18571148214340
-5.30256423107278
-5.35066060036940
-5.33547874505337
-5.31348283016153
-5.29148691526968
-5.20651288577986
-5.13312781829219
-5.05916407991770
-4.97119793899793
-4.85377041931307
-4.77175117605904
-4.68973193280501
-4.38137632306330
-4.01463904224176
-3.62181600393082
-3.26170689083186
-2.98581348300167
-2.89088921066351
-2.79596493832536
-2.66016443579630
-2.22477325840242
-1.45541291652870
-0.457358926935714
0.656634481133770
1.39099239255650
2.90955887292619
4.02181721792992
5.14799333932716
6.26243642940317
7.29556462579028
8.15294277583209
8.48137065842131
9.07712217590242
9.11116601499974
8.92177225884167
8.57313077069899
8.12138483908745
7.61521345197540
7.36840633211856
7.12159921226173
6.58505293145590
6.10990368567531
5.64547172110618
5.39184318180333
5.13763375380708
4.83392860300341
3.87698041625955
3.45311767451723
3.04570737208412
2.18737589154920
1.30373520781221
0.445940651401268
0.0112836947256325
-1.00991983935781
-1.64390905477488
-2.08289393363771
-2.91801627513800
-3.70926154230931
-4.40537693236205
-4.68329937013624
-4.96122180791043
-5.23954922819268
-5.51992289208419
-5.94838893748067
-6.25928519935496
-6.45279873691557
-6.48549356660206
-6.51818839628855
-6.51448231910239
-6.49990241141895
-6.39912141568353
-6.23121430180758
-5.99878926292571
-5.86673318232408
-5.73467710172244
-5.54446551609927
-5.32966058270300
-4.93922837631069
-4.56235833535719
-4.23290165560707
-4.07517170011086
-3.91744174461464
-3.43055766762281
-2.74725620263120
-1.89210875071146
-0.944942086868508
0.0255829763768163
0.450261001323138
0.874939026269423
1.38768821811885
1.93545378522568
2.86098187573901
3.77471861619454
4.66210635386184
5.03422098669310
5.40633561952438
6.17096928151776
6.67330806541538
6.99495902937033
7.13323527547206
7.10451471401970
7.03738537482411
6.97025603562851
6.84497486757199
6.68127490247552
6.34836682398131
5.98856364226345
5.63113712183651
5.47476217391124
5.31838722598599
5.09474560375205
4.83718447686497
4.30279089860931
3.65706166689006
2.91451341842666
2.53340385503682
2.15229429164695
1.17721121185940
0.261280552849114
-0.651950924829493
-1.54666258256869
-2.40840239587932
-2.79500538349331
-3.18160837110730
-4.00624203818990
-4.67915009609160
-5.25038780106241
-5.71114728900828
-6.06782289335792
-6.15712196777326
-6.24642104218859
-6.33848881884187
-6.50324660085995
-6.56737989552206
-6.53101335912801
-6.41246492656239
-6.28450038178405
-6.13490837387132
-5.96589119219796
-5.62648076473129
-5.21188063020189
-4.74990344680379
-4.27910910122000
-4.06811781453901
-3.85657294882451
-3.51453869241740
-3.22730408416960
-2.90823084646580
-2.47870183661000
-1.90175586319598
-1.48668835937655
-1.00842057496699
-0.0821692602606888
1.14112002188065
2.45449492146682
3.75628022734196
4.96700099277237
5.51925590159024
6.08508603158523
6.98738697853008
7.69309942688165
8.11727149367400
8.23588033935207
8.08363307580834
7.91661342400141
7.74959377219448
7.29898080986515
6.84077127156582
6.39828906657077
5.97209029847064
5.55883936799629
5.35616651741874
5.15349366684121
4.66162411603401
4.15518551465165
3.61557808907406
3.04550814866014
2.44436789112849
2.14257850315017
1.84078911517181
1.02299949028660
0.194638779129010
-0.676195264533835
-1.52699039515385
-2.33986204056917
-2.68378357686136
-3.02770511315355
-3.74924422183623
-4.30848842934902
-4.78400594800956
-5.18715990361547
-5.53612314072606
-5.67154800780805
-5.80697287489005
-6.08348045990943
-6.26217214499633
-6.36237391644437
-6.37998584882955
-6.31515677049973
-6.25076059258086
-6.18636441466199
-5.95065766627057
-5.67047626161383
-5.33917392024152
-4.94398147559433
-4.48326761993243
-4.26839139315248
-4.05351516637252
-3.54154687618326
-3.18204952195924
-2.85767507574908
-2.47827631039296
-1.97619648483715
-1.67442313077405
-1.37264977671095
-0.356179004308311
0.773796146073557
2.02726227646413
3.29583019121113
4.50871757940046
4.97842006740418
5.44812255540786
6.39808391829356
6.97492089546453
7.33491690776288
7.49276480801676
7.46574803724306
7.37859860460613
7.29144917196920
6.96678174017862
6.59486396620792
6.20892922695775
5.81622991748766
5.41227377595428
5.21838432657242
5.02449487719052
4.48929415124983
3.98362509065365
3.45024635246412
2.88015998332794
2.28734128937195
2.05953995636895
1.83173862336595
1.53847353663438
0.907199407104194
0.111412084339868
-0.675398927184579
-1.40082728563367
-1.84948872400127
-2.63612654983468
-2.90580198595188
-3.17728381672334
-3.67826965913744
-4.13714317081809
-4.55237472298602
-4.76705383218393
-4.99736500077985
-5.26909814299686
-5.58801258988728
-5.88536984074388
-6.13638413558158
-6.31033518876275
-6.34147648124528
-6.36315506480967
-6.28432278783049
-6.06297706525255
-5.75150934432829
-5.39506064887463
-5.04060964540817
-4.85188215780887
-4.65661710823721
-4.23359074533287
-3.71852706253755
-3.11102783705197
-2.38074925708904
-1.58761697327954
-1.17306740219648
-0.758517831113344
0.137480855676781
1.08921384351041
2.07581008607494
3.07254479182876
4.00093070160034
4.38263847957106
4.76434625754177
5.16960955008088
5.58298577378891
6.15289101337807
6.53521494473137
6.73557666154429
6.74546794467151
6.75535922779874
6.60667694049925
6.32105366163932
5.98863748719171
5.61209837857543
5.22227712378020
5.03586639330088
4.84945566282157
4.37381285308860
3.86659479512798
3.29374061006512
2.66595964586931
2.01158497724364
1.71320624967737
1.41482752211109
0.673308026488522
0.00779544269167534
-0.642992676399235
-1.28227983508301
-1.88556690966675
-2.12490008556123
-2.36423326145571
-2.64778192469245
-2.95466911152415
-3.40163543374375
-3.78346956737576
-4.10259318266775
-4.21536937626909
-4.32814556987042
-4.58104617159386
-4.77585621853157
-4.97103644424394
-5.15758356340541
-5.31693548641238
-5.36685537713975
-5.41677526786713
-5.47481776731111
-5.46460405316936
-5.39840151395858
-5.28297412232963
-5.11722780418007
-5.02045625993277
-4.92368471568547
-4.61244736415900
-4.28723489509359
-3.93839251307703
-3.62277645698005
-3.36451205685851
-3.19995631531671
-3.03540057377490
-2.39928347778815
-1.46461187219996
-0.302251217297316
1.00842107099642
2.33647729906835
2.80178846213937
3.26709962521039
3.83620564538844
4.95440108357995
6.09957990017686
7.03855352377893
7.70757376126529
7.95288777780407
8.09497587120078
8.12847974075052
7.90897664337003
7.49481099415279
6.96852503868952
6.38407721945301
6.07199743272442
5.73631712883883
5.19759073435705
4.63497126072259
4.09123891260630
3.57027610833085
3.06964653290778
2.80615891501440
2.52144032258865
2.02898635418684
1.47228743784762
0.895440431839558
0.291960871561039
-0.328973458804279
-0.645214858643664
-0.961456258483035
-1.60673803654704
-2.20112999734161
-2.74564114805643
-3.24493488828695
-3.69380396208279
-3.88891620725925
-4.08402845243569
-4.46735215497821
-4.79393193309674
-5.08604162180065
-5.33246515010879
-5.53479948833650
-5.60427436148063
-5.67374923462476
-5.77293413290549
-5.79429443444846
-5.76904959548441
-5.72022146309015
-5.65816247624782
-5.61435004296663
-5.57053760968545
-5.39985937567869
-5.15296279357303
-4.82647667148214
-4.45155865940636
-4.06922869306623
-3.88991240589581
-3.71059611872539
-3.32619599236308
-2.94976235796407
-2.52225192462887
-1.98467517841551
-1.28197884576330
-0.879972719093480
-0.477966592423568
0.678675540009906
1.86314465540150
3.09892931112406
4.33714400542618
5.48101854448546
5.91266962116743
6.34432069784942
7.28384851988730
7.82768231665091
8.09771059942292
8.11374895500483
7.91115311468284
7.75457496004488
7.59799680540692
7.05481307276134
6.52931099729728
6.00978442275006
5.53432864204128
5.09023030065291
4.88982575058216
4.68942120051142