9.06960476315862
8.90419423234366
8.63108138575413
8.26263096625786
7.99914277810223
7.73892086223390
7.26646348521800
7.00065100329184
6.71902776670031
6.21617248619244
5.89132796240270
5.56092478666761
4.95326880349812
4.63871948389257
4.30910743223324
3.70723748609872
3.37741555550639
3.04439267726801
2.33140265411932
1.95831201922331
1.56157698037698
0.849728827856560
0.0237090813843194
-0.591760648881892
-1.16725154928250
-1.72157287045487
-2.72782354674052
-3.59785579575826
-4.48435339587316
-5.17339956060398
-5.62096025570623
-6.30557515082016
-6.51299891418057
-6.71928468383942
-6.89986897310593
-7.08748598970981
-7.37578170651912
-7.51408520360640
-7.64030608485286
-7.74707581683928
-7.79315919478328
-7.75883519923461
-7.71644425455836
-7.53105379594655
-7.28932888884365
-6.78177755744272
-6.30180498251236
-5.76610565882700
-5.06060493713338
-4.61678244466803
-4.14046800087995
-3.37430472148361
-1.96786407970023
-1.38318773785241
-0.778451217952224
0.281364502718656
0.815173038830130
1.35288994641590
2.03877519359028
2.80615838740461
3.70469036639074
4.92650919528773
6.11823199343696
7.03087691914101
7.69506456473205
7.91364170217684
8.06833879563282
8.13405629204191
8.03194972733281
7.83762012051095
7.57571006226292
7.44126675459785
7.30530614388544
7.13878454769297
6.94412006328883
6.66956434728203
6.24531497865559
6.01541234931584
5.77323601906244
5.30322896311963
4.95515813748455
4.58220287696682
4.17202625722027
3.57274867374848
2.86671684592025
2.17549300302923
1.77677413797288
1.34864438213494
0.532892143060065
-0.223142398211396
-1.01667455102211
-1.69098703374593
-2.06312802446320
-2.44112229718707
-3.25306469153476
-3.66311760835734
-4.08428494283234
-4.88101242369055
-5.26660947038511
-5.66923651028021
-6.27405656151205
-6.52911882341483
-6.78794545015996
-7.10056680751071
-7.28210522684037
-7.43482389085369
-7.58017738521208
-7.62260533601415
-7.56981064822245
-7.45065720080065
-7.31043864521754
-7.03949777682124
-6.76282119497520
-6.39605782111794
-5.80840101972903
-5.10337518092175
-4.17743512558418
-3.61462420368663
-2.97935782407859
-1.90773048567488
-0.505241194913069
0.714825727488128
1.95429287411458
2.96482628185122
3.53531644588692
4.11621398032909
4.71646538924429
5.42489160542375
6.09143058634335
6.63576235582831
7.14731266021640
7.48919390559455
7.81276245075045
7.88114461798218
7.94486647388287
7.93008076728014
7.85668601467236
7.78318716207548
7.62304241854777
7.42343059637106
7.15773542604137
6.76942112844513
6.31199921547166
5.88650378272960
5.43608682247778
5.10913430726339
4.82329637778668
4.54107697515120
4.07499886822394
3.80524040385521
3.51495749936614
2.92089666465898
2.48688545654721
1.34541726258133
0.555789642800781
0.124357958317144
-0.327512850864888
-1.13338195769733
-1.53716423261481
-1.94240748911088
-2.52435824922630
-3.45914728788690
-3.69496528710403
-3.93078328632116
-4.17355168788615
-4.84916357377775
-5.49444473829628
-5.81932287339481
-6.15614145766858
-6.51805405705836
-6.90421202558926
-7.14668804490394
-7.27627178646258
-7.27925393491683
-7.19886184668351
-6.96036559348609
-6.72036903930823
-6.48284066745723
-6.18427154344476
-5.85276358477378
-5.38591225987815
-5.07397505191934
-4.68215316865331
-4.06436346793682
-3.13746873980183
-2.10084846950922
-0.891205633675026
0.211928840774665
0.831590601338199
1.51857427083682
2.52099937669135
3.49489383384420
4.59696307941948
5.48345354506985
6.17545930282881
6.43697408604018
6.69287687044876
6.92935932919093
7.10548680950548
7.19931388488415
7.23193921048933
7.19754910390084
7.13757475886141
7.06584630739015
6.87710410661177
6.60735383236031
6.42665661688252
6.23115730192312
5.85238786659322
5.64289391076630
5.42065454853435
5.01159939587906
4.79122441924944
4.56894626354639
4.05115839464803
3.76765505921436
3.48481889814094
3.21367064345220
2.94252238876343
2.16657738170750
1.50933898579688
1.16528658136898
0.800076979990135
0.0973831953740951
-0.280378332071349
-0.683114577660565
-1.43523380813073
-1.82559345848109
-2.23479043551912
-2.93964532946455
-3.27754784807807
-3.61513657905860
-3.90159850209377
-4.18806042512895
-4.76729701753568
-5.20387404955578
-5.61227194494632
-5.93647981609116
-6.23157995287963
-6.37175713650725
-6.50786788266186
-6.63698895570493
-6.76072536145648
-6.78889503853468
-6.66440556561459
-6.38641313181551
-6.10325951072881
-5.74958187317852
-5.24277422726986
-4.54167056734737
-3.70954909030494
-2.93003935236001
-2.06704718026202
-1.68864260438653
-1.31023802851100
-0.331855737611266
0.447483357015883
1.09539891834178
1.73331526283643
2.28098332873437
2.60738782005973
2.96311888194679
3.64106181109028
4.36648857179599
5.02437994545208
5.54070598712151
5.93365069261671
6.04736231243878
6.16107393226084
6.25340198899034
6.33849226139322
6.39693211753905
6.38825662554998
6.37953591348248
6.32061588989460
6.23267759041657
6.08775330702030
5.84436508229780
5.70363645563003
5.56072667532283
5.26167784133638
5.09720758432161
4.91458946848935
4.69200622899212
4.36632787081584
3.97749746973595
3.43431818397817
3.10985936483783
2.78105144695763
2.31808629852362
1.05948173743484
0.236256263011748
-0.699222410423725
-1.14795191055060
-1.62082835330951
-2.47675868023778
-3.07181453002343
-4.28887515819676
-5.08500518778183
-5.44939733772221
-5.82589546825349
-6.39758180639510
-6.85615124030381
-7.00903088799600
-7.14985641120557
-7.24913985624737
-7.23129612145498
-7.12266440973967
-6.92516501430576
-6.69051220010442
-6.49887433841930
-6.27659901849984
-6.00782088835505
-5.61009833028033
-5.15016987389474
-4.72752538506331
-4.25436432410052
-4.01757845698448
-3.78047772598797
-3.22686235183316
-2.63999945688200
-2.01720672844271
-1.30572561602283
-0.664887278803923
-0.293161111126463
0.0997637654918515
0.532466868039987
1.10325143130014
1.81166794381357
2.53384349941955
3.34579397060992
3.82473104106467
4.31095436609981
4.80305502173368
5.12561665737684
5.45218830855017
6.07202907343263
6.55275753209564
6.75946079757370
6.96976697394260
7.18993832984917
7.21947647707352
7.24055308057813
7.12700643837341
6.98507027786016
6.84111442124506
6.59560410166238
6.30029292566485
5.88818425728453
5.28358884510134
4.95923707155062
4.62901174636005
3.87881436665739
3.46261640172227
3.00662245109958
2.17509099936581
1.72667381479378
1.27097205369328
0.335732509573266
-0.121240044523451
-0.580663956377511
-1.07904458070051
-1.62252591813900
-2.26270821220115
-2.95711583458075
-3.55062578851147
-4.11930438746584
-4.56721916866780
-4.81685344420775
-5.06162139987850
-5.30218444918835
-5.56792253809255
-5.80375101613718
-5.97358707241040
-6.10826380601924
-6.15601716993490
-6.20241676042024
-6.24112688164833
-6.23422644115708
-6.18104799211906
-6.06637169518821
-5.91439315958069
-5.82611905339073
-5.73784494720078
-5.61648370136737
-5.22070829737592
-4.53376641874306
-3.76227613164903
-2.82469351848538
-1.93644738048067
-0.942427782707557
-0.0720101947881354
0.373930366708356
0.845717340296664
1.59453115232639
1.95953486332807
2.32936252127148
2.77476534796831
3.24370209229300
3.74210923797155
4.48212094066933
4.80855721434665
5.14301761666240
5.62258611626443
5.86727579001482
6.08837014224930
6.31077087150867
6.36082059916008
6.40780585487290
6.41110639144334
6.37553968309782
6.33935728748071
6.25569001104349
6.14525655489863
5.94037442418345
5.63276117224304
5.42671025513246
5.21618380479728
4.69976416490270
4.40104839882140
4.08414390040041
3.43158879736442
3.06033909887534
2.68222190878405
1.89490922536362
1.49928485808011
1.10364302897380
0.707709054903293
0.301803180764349
-0.513765770138100
-1.41452831191963
-2.22521979651086
-3.09207922819040
-3.79485717352522
-4.13788658459416
-4.46090253872674
-5.14784431405724
-5.60986435377525
-6.00420661078399
-6.27885352497541
-6.49803525942074
-6.58153538861262
-6.66647239271803
-6.75607870596970
-6.80663943897379
-6.80843096016790
-6.76015889241202
-6.68093035428818
-6.62311270176202
-6.55827544857854
-6.42655218030554
-6.21009332876690
-5.85117565300605
-5.23758648511562
-4.38543350844678
-3.80955133783679
-3.18207120735647
-2.04108610951736
-1.43126028472122
-0.813321763224702
0.355483327324736
0.908550109912740
1.45757326300554
1.93907138196210
2.42056950091869
3.60938133884610
4.50301994727185
4.84442198667253
5.19449397280535
5.66920963790252
5.86336800926623
6.05920640236536
6.35893883167317
6.45404798067920
6.54652372751107
6.59189666619793
6.54814677811590
6.50341450606213
6.38847737365063
6.24379405097607
5.98981618261683
5.66936202815963
5.49187376285756
5.31146123825291
4.94898712143163
4.76188159874231
4.56142420911139
4.15736675066149
3.63872127134648
3.09573169723264
2.45658597262248
1.85833655469014
1.65921584995156
1.46009514521295
1.26097444047438
0.895075508740563
0.442362733010586
-0.293524382343201
-1.08297840707909
-1.76653064644807
-2.59674753325015
-3.29837865273158
-4.02567413191970
-4.68076937745225
-5.29129267613310
-5.85179761404611
-6.21624041713431
-6.49004174720060
-6.73540008909033
-7.04473608931825
-7.28638713976014
-7.42582331294774
-7.45922362224544
-7.49219846350711
-7.49100787556702
-7.47240044679538
-7.43199107279718
-7.31087981892343
-7.13405941033547
-6.92191587650299
-6.23988050025502
-5.69561463538159
-5.07664242875646
-3.77726050292432
-2.99853392228475
-2.18025882432059
-0.663322647461094
0.0690184040540318
0.799270912491866
1.48916190146128
2.17905289043074
3.53293974815509
4.77601660982836
5.27674888502558
5.79086866065436
6.50892134727708
6.75883018487963
7.00873902248220
7.32128642793894
7.36941463998144
7.41043062224252
7.34117638060216
7.13527480150953
6.99419666512831
6.85311852874710
6.40844425693479
5.91951670212947
5.41225335133451
4.82194310008638
4.29880867510243
4.06002173518366
3.82123479526486
3.21084137968632
2.69425334405462
2.11943706434664
1.58718937625122
1.01652740861467
0.740960151965009
0.465249279555014
-0.0975494978026740
-0.399650743148794
-0.716787308190883
-1.30535249687214
-1.89301122274594
-2.22881981618475
-2.59356550054623
-3.22059120218482
-3.82777039304885
-4.11900177709865
-4.41378711634669
-4.93184609402442
-5.18792070665669
-5.42763271043687
-5.64718906692151
-5.86692168978729
-5.92664519453003
-5.98297120126428
-5.98105572059792
-5.91536697410174
-5.83112144778082
-5.58821383537194
-5.39646714590978
-5.18097033631125
-4.68412420904992
-4.37316796073174
-4.06179594569606
-3.70967467584048
-3.34524132628330
-2.65518172642061
-2.06558697544927
-1.77823333632179
-1.48610812982071
-0.891070327480847
-0.555464333073962
-0.187024854098141
0.262121038223277
0.496321031853591
0.732584089089680
1.09516868583312
1.23181625253233
1.36884729556427
1.51171003783481
1.68662174780081
2.01146771246652
2.47863256410823
3.02703398777057
3.60132822467072
4.06477773008451
4.24134278416525
4.41790783824600
4.63714633239407
4.88709095332820
5.24718703905124
5.51413928168884
5.70380305674724
5.77937079857744
5.79502347156839
5.79897963109633
5.73858756854276
5.63586182988444
5.47209750829332
5.28115062560636
5.05635275686969
4.85444915761269
4.63503893794967
4.13843936756616
3.52249146602315
2.80674984931665
2.00370712068431
1.37024874031681
0.811543418212360
0.281726033172899
-0.600112393525848
-1.39629079464777
-2.19802377284007
-2.89642553200429
-3.35214688588595
-3.80388524271240
-4.25558678974939
-4.76954989635423
-5.19960892527880
-5.49298073637595
-5.69431978639495
-5.77530331610300
-5.83170829845875
-5.87172804362825
-5.89626782804256
-5.89053646260143
-5.88132418451647
-5.82241607153235
-5.73983554234204
-5.46840071434469
-5.20070080703576
-4.91279392439761
-4.60612250935731
-4.36051156571211
-4.16149491070023
-4.09486960692326
-4.02855259785749
-3.96950210270932
-3.89951082280304
-3.73673794723009
-3.38554482739444
-2.88050883751492
-2.43591846865583
-1.90139464492518
-1.19420127631239
-0.249609288466066
0.795984651189360
1.66946068039502
2.44793963507907
2.77057782673440
3.11795666933281
3.60039108467501
4.17791050558934
4.79979412928509
5.53849182863662
6.20974298859365
6.46598720692245
6.72223142525123
7.16722926121353
7.27752671323429
7.15446684624407
6.88201773737398
6.51888867292268
6.35059959682189
6.18231052072110
5.96167027329754
5.70708445648378
5.31595952909044
4.92965902849884
4.54560596559687
4.30432130840917
3.79401471928556
3.35519022981225
3.05221648899376
2.43546156276823
1.85599871187639
1.24389075676392
0.940920164942612
0.637949573121315
0.298686700311930
-0.0645051216379503
-0.711289416963982
-1.04767429846206
-1.38479727294330
-1.77105330195101
-2.20300154473712
-2.81415670628362
-3.45824987569149
-3.78458636252244
-4.12663852871902
-4.66191175683295
-4.79453902094998
-4.92716628506701
-5.05979354918403
-5.25130278797149
-5.52102510328340
-5.79189371575043
-5.85918551668124
-5.92229510765774
-5.92136162385266
-5.87288560763454
-5.80622719200431
-5.61774001959810
-5.47926655611452
-5.32287748035385
-4.87998111391324
-4.55674628514004
-4.21507812363586
-3.42159988216604
-2.99472573420331
-2.54478092397510
-1.74797740350276
-1.34089103952656
-0.931737357940086
-0.397038795796140
0.135239724112511
0.673620323584724
1.34135460229883
1.95157479906804
2.36747544454186
2.65676186938242
2.77603500135846
2.91978774330775
3.12318324632590
3.54806212928695
4.03909750861321
4.61239975282957
4.86533735492501
5.11330106922604
5.28136004001747
5.44941901080889
5.66287629165402
5.76525904848470
5.81669795149990
5.84632323203432
5.85479199637542
5.83381505958586
5.74018421619051
5.58723238961734
5.46505075330212
5.11170038857757
4.69370559495170
4.41907150715387
4.14407668854484
3.85122387290850
3.55837105727217
2.84158537732287
2.12174593603048
1.73493120136289
1.32152489568568
0.567821588603806
0.159965878100602
-0.272703226152139
-1.09966585930976
-1.56280227372614
-2.04902773200606
-2.93736147610871
-3.37162703987506
-3.80788671028334
-4.28148376600013
-4.77234225785464
-5.29577835959142
-5.86294234962396
-6.08236168299815
-6.30765140620599
-6.62043212481299
-6.76611684424373
-6.88410261177414
-6.96610411181614
-6.96879716357944
-6.96487153565241
-6.85865679193011
-6.73832164446389
-6.61610076579902
-6.37331554050002
-6.05165928721577
-5.50401082644886
-4.69431655871591
-3.63662550181321
-2.58086525329441
-1.40789712008789
-0.844090691477900
-0.280284262868010
0.852114341440620
1.90884256859783
2.76059545456968
3.55383247580605
4.17538090598341
4.43856683775949
4.70175276953562
5.18828601540801
5.36395185161731
5.54443024205112
5.80397063116397
6.01883577000808
6.10347761850908
6.18971465908316
6.30833548975146
6.35517258946321
6.34024328055396
6.31956250221707
6.21154711515860
6.13605653386164
6.06056595256469
5.69759148327954
5.37910746740867
5.16517376404278
4.94454294393539
4.41793206169798
3.91568839001309
3.17087067461432
2.43716859010824
1.61051710450855
0.777802596877363
-0.158270677306988
-1.00689171791229
-1.69178172697959
-2.60180476451312
-3.36380228263089
-4.02280584417210
-4.66799281773873
-5.18272055982622
-5.64945345577212
-5.93978735866020
-6.28684542900442
-6.46417290700333
-6.56789625612857
-6.59713787022265
-6.56569297210795
-6.49129178464135
-6.40830813672804
-6.20612077505552
-6.02077678709263
-5.81653580311189
-5.57951001426519
-5.44999679205397
-5.31755561930720
-5.14020006808392
-4.93750890609026
-4.69481161869454
-4.28108971368984
-3.81964705736050
-3.24254627474786
-2.68204061615964
-2.31629478960131
-1.92086804769648
-1.47299313496818
-0.966559085953654
-0.471272482576876
-0.0711579813905628
0.339558207808455
0.562908398510659
0.807538345031452
1.27410316188897
1.82593029242878
2.33555834338912
2.73695317384123
3.35825400493363
3.65514263532010
3.98314010146896
4.55397679389072
5.07583297093670
5.28347432285819
5.49242015575778
5.74403025001152
5.78530057587041
5.82657090172931
5.78761229952432
5.72506295601975
5.65760518245917
5.47903764566749
5.35653807196128
5.23222315946103
5.07961846479274
4.92701377012445
4.43810161193178
3.93524019943799
3.65660275575466
3.36126783851688
2.82205925205731
2.53662469227051
2.25119013248366
1.62917553200897
1.31571756614332
0.982673435807724
0.357853224384952
0.0197479049404750
-0.318807173119513
-0.685199197942010
-1.08461690913083
-1.59799048668984
-2.12205827900331
-2.58091776980644
-2.98166411817438
-3.37657998030206
-3.53101999828109
-3.68546001626012
-3.88901507964505
-4.12822728462115
-4.45870094309977
-4.76800320362488
-5.00541808699101
-5.09768682256921
-5.18995555814741
-5.33950035867780
-5.42407630597431
-5.44472493207241
-5.39141370424982
-5.27380183420807
-5.19739530280824
-5.12098877140842
-4.75775537442587
-4.52602826526493
-4.30707465492384
-3.80869633032218
-3.31711766871376
-2.91164309715441
-2.09856349099356
-1.45383326246931
-1.12683198024616
-0.786246020917505
-0.244121204042651
0.00752409309084950
0.260745322084893
0.616070346887378
1.02562715229008
1.50944599144955
2.22735169722325
2.59112095168312
2.95800197382733
3.49399533693510
3.65270844741278
3.81413510132985
4.01207473662884
4.13317574521484
4.25810802487143
4.61161449726643
4.80453009274801
4.99567201329960
5.15862688361233
5.31466347154856
5.44113844783227
5.44559211696202
5.40099426768587
5.35093483637397
5.22096194141391
5.11956005232841
4.99491743880909
4.83739904584612
4.69872679046531
4.54817935733183
4.22393331240296
4.02360701136420
3.82183491357520
3.54250332563819
3.21218543050215
2.77558857238598
2.17595927282887
1.42499477578251
0.696616674066951
-0.100555811672588
-0.512479278204665
-0.968399589972131
-1.67668364385508
-2.40194146659819
-3.06470904930465
-3.74874642446135
-4.32938753931601
-4.66248360177833
-5.02161847631352
-5.44423928420995
-5.88871567967745
-6.22587132449330
-6.35344861305262
-6.47926324031198
-6.57836457895273
-6.69363581656823
-6.75615458013877