7.54151772232925
7.36590388445724
7.07231489729239
6.71895730062854
6.36508317953676
6.03258331706890
5.75894829362439
5.50293910822394
5.22599429479300
4.89631306558075
4.50164688454061
4.08359520389356
3.67534740899560
3.33734489734442
3.03539913542017
2.74337656844022
2.43377475630793
2.07523837192189
1.64399835215853
1.37912051651035
1.11013261706413
0.488255110878307
0.152373359581453
-0.187130607665100
-0.832430751625694
-1.42215730621034
-1.98832015598808
-2.48068156056357
-3.00559983840912
-3.53429513777548
-4.05315352678409
-4.51696958109887
-4.91254172563925
-5.23687786693876
-5.46029122963426
-5.63389474462240
-5.77279699265921
-5.89569156738199
-5.98999856088408
-6.02310698020599
-5.96106851053806
-5.82579982897983
-5.63659784122649
-5.43996492129415
-5.27424803127978
-5.11949710607949
-4.93998317238594
-4.68983753322086
-4.39412635504633
-4.04131413807587
-3.69982555173965
-3.40716615571624
-3.11957024395871
-2.78793540941757
-2.36282912729897
-1.83168618131672
-1.12127107243417
-0.255722970766096
0.686238044203873
1.60298465601885
2.46065497719114
3.19774278414488
3.94638735903122
4.64855625391041
5.36630106716846
6.11015174561274
6.80476117602343
7.36918819114446
7.71674657963378
7.84571569555292
7.73349164210698
7.42504670334434
6.98294744310475
6.46179277991175
5.91409180240353
5.41673721651780
4.89316075469716
4.45652557062554
4.05977255377005
3.68635886287382
3.29375772564400
2.88736639106676
2.51503505052769
2.08793095829303
1.74821052805676
1.43816369426272
1.13347783879521
0.785922177459155
0.380876879316487
0.00775248459708278
-0.646564706380322
-1.23851058447783
-1.84453899509121
-2.41383292406548
-2.91590560622833
-3.35584708090623
-3.63743364499149
-4.04014919766291
-4.28096936735735
-4.46272198762956
-4.62761999251430
-4.81572032424509
-5.05442772420677
-5.28540396017527
-5.63687323266609
-5.89937260173089
-6.07544142090869
-6.14811401137036
-6.12549574194919
-6.02775912659104
-5.90601388295853
-5.67923347330975
-5.46997025726733
-5.24567226831559
-4.99091556989330
-4.68818207891492
-4.35870184731527
-4.10739766586226
-3.61538896192220
-3.15280442354731
-2.58416471833971
-1.91665451328670
-1.21756833090651
-0.434810352032547
0.175442898166162
1.30462451381517
2.23486805002724
3.22054006675060
4.25520024701450
5.29847795308113
6.28912096292295
6.87108643887500
7.70761469169883
8.03991403487598
8.13585616183419
8.03714267168899
7.79434744978713
7.44834898195935
7.10797796731594
6.54185160542507
6.03333835626112
5.53588931365615
5.06278632713091
4.61902147879144
4.20156029225019
3.92674390041713
3.42796730531547
3.05929749182331
2.69111353593794
2.31980571709435
1.93108649805683
1.54722843974070
1.28898102856636
0.820392426312254
0.463662723472557
0.109320947851290
-0.266911918713022
-0.704497375629121
-1.15389004336430
-1.49648878615226
-2.18764175810616
-2.68294846613124
-3.13790480444046
-3.54741807678194
-3.91955834825956
-4.26017151593913
-4.43992475955506
-4.79636401317804
-4.99518019033064
-5.17861654428834
-5.36728352800929
-5.55279695549741
-5.71272439102903
-5.78304121371302
-5.86160129096722
-5.84470634118101
-5.78624575861975
-5.68831544145599
-5.54020253613070
-5.33135931610066
-5.15868133204526
-4.78584770889191
-4.45405750605493
-4.08279134754954
-3.68607479590415
-3.25278960193414
-2.76492093300359
-2.40920110252168
-1.40859193128048
-0.562868621325389
0.429366515148373
1.38476381340554
2.34150962679908
3.19719084840671
3.64680146015965
4.58797860753737
5.15135123449890
5.67831524206492
6.14902890976945
6.52135544208840
6.76823571611736
6.83493119255305
6.86274097320872
6.74528938265136
6.54069307016322
6.27026565234503
5.96487005393755
5.64018965589356
5.42641247050395
4.93765996873658
4.55179299371482
4.14054158361489
3.71350292817319
3.28790531607832
2.88033864755840
2.66197070096340
2.14053713430107
1.83943532795519
1.54735463683684
1.24558898208407
0.902667159128254
0.517233855194415
0.282690837702136
0.0205085534676848
-0.388727617636209
-0.638229852180298
-0.889253339494784
-1.41544119368727
-1.94727712523525
-2.26788516729803
-2.61049401046648
-2.99621012666241
-3.48013684377488
-3.93820405486506
-4.32506032854518
-4.69272026907104
-4.87024555104364
-5.05806760437637
-5.29216546816216
-5.49940061933476
-5.63260330425710
-5.68668887672373
-5.66082242626162
-5.59794415644382
-5.51363425206196
-5.33753508616789
-5.08078567257265
-4.82876789725249
-4.59923139431235
-4.37204052834200
-4.21303730524354
-4.01835258977212
-3.61679661298297
-2.99128065707062
-2.25823557946899
-1.51255220301987
-0.845435532779809
-0.561128689201058
-0.276821845622341
0.276310402008301
0.827756755549639
1.41187362593820
2.04784292897310
2.76511178185910
3.17808205675924
3.61264342559860
4.39392892038826
5.14132209991817
5.71082381057325
6.07194024589344
6.23017619222019
6.22636837904960
6.22256056587901
6.09801050670343
5.92592397139224
5.70914097513046
5.45978410803498
5.18305675116729
5.01917208629639
4.84182694179054
4.50507542261654
4.11366189967477
3.71225413346868
3.32404713641269
2.97868470946093
2.82909279517465
2.67950088088837
2.37769314117500
2.07340380473564
1.73263266391855
1.32552167198308
0.839323008424075
0.544268643693987
0.249214278963865
-0.495145527508574
-1.22049875726762
-1.96137536083184
-2.64254182176508
-3.25717359095968
-3.50621266799147
-3.75525174502329
-4.23831400629795
-4.58522683774921
-4.87499795129910
-5.14505409677652
-5.41022841546965
-5.52858251417140
-5.64808092087726
-5.79302060605713
-5.82965528221003
-5.74451583369439
-5.54809650191568
-5.26902634845792
-5.12812001700603
-4.98721368555415
-4.68820771119494
-4.42015791365415
-4.12407664357195
-3.76557641740516
-3.30176109536205
-3.04864417415614
-2.79552725295019
-2.17624458544929
-1.71250067765222
-1.38026772132946
-1.11031389152928
-0.787200161697260
-0.559922150758759
-0.332644139820285
0.386931215324984
1.20822106618708
2.04453571539643
2.78825057109176
3.39966503712853
3.64499649542406
3.89032795371958
4.49282225150099
5.05124298682873
5.55627104540683
5.94810888199990
6.19061689271541
6.22617706392783
6.26173723514025
6.19686284883558
5.98661957504854
5.70939157425278
5.36700854676027
5.00129999650702
4.82300280825594
4.64470562000485
4.19076828692896
3.73103300323045
3.23861118144444
2.71942206254015
2.17579591870399
1.89173850784826
1.60635441221600
0.990264091810975
0.343487953427902
-0.315463355288339
-0.945256091556805
-1.51662703927751
-1.71650930902831
-1.91639157877911
-2.41895405705757
-2.75515348362539
-3.04595181161156
-3.30525685011340
-3.53738210674847
-3.63285956963779
-3.72833703252710
-3.97922997467832
-4.19265639978192
-4.39384882024056
-4.58088787413945
-4.74147544025956
-4.79165814336289
-4.84184084646622
-4.89692412237911
-4.85317358697806
-4.73886662733165
-4.57657017210345
-4.40090407666757
-4.31813126457601
-4.23535845248444
-4.04634815924497
-3.85244350035131
-3.60607907224249
-3.26164880616684
-2.80589595758922
-2.61700913112591
-2.42812230466258
-2.20500148492760
-1.62856176845261
-0.959650583263358
-0.233796577699464
0.547271468521338
1.12956009663376
2.17485428834120
2.90228209004655
3.53447963371167
4.08408101829134
4.57766766208082
5.02479605530977
5.22529919329087
5.42989429559785
5.66818551893701
5.77150904283759
5.72261582256204
5.55614044488245
5.31659594241468
5.19418533857221
5.07177473472974
4.79056602113098
4.55393629375079
4.33106956115945
4.10928299635177
3.87763758048305
3.74679835681777
3.61595913315251
3.27414913947012
2.87568308174848
2.41368135689809
1.90022386580593
1.35035584921250
1.06715944890497
0.783963048597435
0.140339665531451
-0.485039496074959
-1.07471210948830
-1.59908588711218
-2.05285756229471
-2.23656315704406
-2.42026875179341
-2.62220513228401
-2.82846305280477
-3.19871982461376
-3.56462043435310
-3.90564963295435
-4.05446817368871
-4.20328671442306
-4.36892890245203
-4.53965302502737
-4.79032593908111
-4.96289390127327
-5.05169822700815
-5.05974316339823
-5.06778809978832
-5.06286463470422
-5.05138549243938
-5.01346143930252
-4.93493279046499
-4.79322828162356
-4.68976516115820
-4.58649034619283
-4.41187388597920
-4.20462023566251
-3.80782838312068
-3.40975677055401
-2.98703767024180
-2.74050211881532
-2.49396656738882
-2.07047116180115
-1.53737858397858
-0.482482413319234
0.582280127640691
1.55301806396024
1.93385018255934
2.31468230115849
2.79248126460204
3.31833983594561
4.18612709394584
4.97831726147856
5.61906170106846
5.81174573844680
6.00442977582515
6.12861060345414
6.22887682417520
6.18284226929210
5.97852199005233
5.67752467398998
5.52156630967471
5.36560794535945
5.14422194386742
4.88471258249039
4.43531899408429
3.97837315046210
3.53777912427682
3.35187047040175
3.16596181652666
2.72363615839975
2.34757497022379
1.96719165931838
1.56125048035082
1.12030069008541
0.895468848238360
0.670637006391324
0.0700745480163593
-0.535705441461132
-1.15875330300353