15.3768077258307
14.7302004396784
13.7630832836229
13.1279943799009
12.4179789979160
11.5636786305808
10.1713746025171
8.88400432615750
7.64022139018758
6.81239929403561
6.03525474495997
5.11101568114827
3.18450477938797
1.56853133567694
0.807583093050121
0.0522723640871312
-1.45387157805858
-2.69126818517286
-3.40756427232720
-5.00761568187333
-5.80829145523744
-6.14583294058540
-6.48932993764355
-6.91877746790185
-7.20806070692818
-7.32220741817774
-7.48118971544240
-7.50038599346241
-7.49334797618775
-7.49054337509241
-7.51778227867532
-7.57831012362385
-7.64399404692500
-7.86675821920974
-8.11673485539425
-8.36938202757682
-8.47802415122869
-8.58318504504925
-8.59711488837963
-8.35782673240539
-7.09824024009962
-5.27044182363090
-2.72337268594402
0.00420254702436429
2.97843997672657
5.48813978745195
7.11482001430260
8.46796238701798
9.65093840547411
10.9873761680936
11.6246298086909
12.2211118913208
13.1273210426603
13.4856502991282
13.7216593005333
13.8298960297821
13.6005190028700
13.0892637628956
12.2602025280492
11.3383478869590
10.7083570382222
10.1026419543836
9.56508407852973
9.02752620267579
7.72972490079715
6.43786293500546
5.16455264556407
4.41999302660037
3.58524576570418
2.27595451284874
0.624730238487591
-0.863781569944913
-2.41170364546388
-3.67306647170944
-4.27743695661201
-5.55661353225809
-5.91887890779025
-6.21112946243023
-6.42184796097447
-6.62764739049972
-6.76719488052828
-6.90349130664986
-6.98579222469003
-7.06809314273019
-7.25564937068321
-7.42947039775687
-7.53464921337064
-7.63876856349478
-7.81930958451938
-7.81080198128843
-7.76716213063478
-7.34091080061820
-6.81019799045127
-6.27766781197561
-4.59011678363687
-3.54280434486458
-2.47239223904899
-0.868461317306100
0.639973213776656
2.08608256372483
4.16429072576446
5.04267090574139
5.94162492713041
7.32180611715816
8.24673139171432
9.10597472227377
9.92636448087614
10.7020131742196
11.2363950505849
11.4238347534603
11.3140903207913
11.0660453177336
10.7333424571301
10.2949695369280
9.37551873289468
8.40291806300333
7.20106458238539
6.00791936618827
5.11647586120697
4.13755860632251
3.01876838667609
1.45278657272337
-0.235635216905771
-1.73249609863985
-3.23028259602721
-3.93717295779508
-4.67565219068576
-5.52188472767540
-6.38723942703697
-6.96814600606671
-7.43375146113640
-7.72854012293157
-7.85404399978324
-7.97870195478289
-8.10839573939133
-8.21017174167049
-8.27996825272412
-8.30332616920763
-8.32663776154298
-8.34881393955308
-8.36544703370733
-8.37693763560406
-8.30881223503931
-8.17901962364927
-8.04886206032469
-7.39584071971305
-6.64580868942144
-4.32473180532077
-2.13072299490918
0.226127405449029
2.67458181176927
4.66922274918665
6.46827691583686
7.10361281136651
7.73894870689615
9.00352900061813
10.1627031386942
11.1314376712344
12.0400773765000
12.6260075565991
12.7684382611112
12.8821809631307
12.7141988038484
12.1924132856078
11.2716357680353
10.3127608762696
9.11699205320222
8.52429918813373
7.93160632306528
6.67798697984159
5.32939611396279
4.03460074387286
2.60766194843671
1.41448911817707
0.648213235410101
-0.0572445857181776
-1.49520469171196
-2.71779036160258
-3.93600227869326
-4.91729472305831
-5.73953898253080
-6.10601312765941
-6.47267896379980
-6.83976634417732
-7.19583167553237
-7.43779816747057
-7.62035933231331
-7.75620477739838
-7.83172963271268
-7.90697895217254
-8.09764649778065
-8.30389924741770
-8.54761955923929
-8.73176199547117
-8.72180143919781
-8.70616048173816
-8.46988912122972
-8.10433977284987
-7.35606367026074
-6.01942218396844
-5.12905604595278
-4.23868990793711
-2.00301584086773
-0.803628892129832
0.478011892677974
2.56283856944509
3.55831140088003
4.55378423231497
6.35784674584022
7.11907336427308
7.87556743535869
8.45547040063984
9.03537336592089
9.98532359640093
10.4622773697214
10.4923013102061
10.5022231217435
10.2111267915023
9.87302002999109
9.48512211437857
8.62251133390473
8.04950329186305
7.44809673041378
6.19893346437948
5.49760455961482
4.79808949391127
4.15287812776218
3.50840989384213
1.75499545355743
0.356315102223736
-1.20988958728299
-2.56493720045730
-3.89482028773307
-4.40952624835130
-4.92423220896953
-5.95394196000115
-6.73289438507899
-7.27484377909229
-7.69811871245496
-7.96222052223189
-8.03971456203315
-8.11720860183441
-8.18575597764733
-8.25334142784173
-8.34120604236655
-8.43044697910808
-8.54382404542455
-8.61259636217817
-8.68136867893178
-8.84047871478153
-8.91521578687376
-8.79360519440978
-8.29945963803222
-7.40195872149052
-6.62778312591536
-5.85571479782633
-3.64417203230563
-2.40024630033630
-1.10461714822444
1.36161166040431
2.61849174554402
3.86438884530400
4.91475635877308
5.96015142172963
8.07592733050304
9.39727823408331
10.3386813040035
10.8009656336646
10.9404850069046
10.8794552008672
10.8184253948298
10.7032959597350
10.2823218485919
9.46269906632261
8.35203950710607
7.14808134689349
5.92527474830529
4.41648388910527
2.91012318835389
1.57298897007707
0.158388429191849
-1.06522255570912
-2.30374394430264
-3.07258920939468
-4.38935394060725
-5.17547145191604
-5.98591094571166
-6.58594984631735
-6.85536805350470
-7.12154782716058
-7.41188151145928
-7.67451996775366
-7.90648820684823
-8.12731693309404
-8.27944848437916
-8.36530758852481
-8.42854589392296
-8.45481270566060
-8.48107951739823
-8.52810606196132
-8.58985460631898
-8.70795071044953
-8.80787672144153
-8.78192504132549
-8.60860819689917
-8.34469202074411
-7.71133063253044
-6.46856588241463
-4.85999343236697
-2.94287673795684
-1.77786225077235
-0.612769524189292
0.929227503156427
2.50816315418938
4.14618372536934
6.11588625483484
7.91692294437771
8.58865467886909
9.26038641336047
9.96216201952040
10.5307670333658
10.9574557085360
11.2082499790680
11.1408268110403
11.0552304657136
10.5671318972459
10.1229462051757
9.64932195012531
8.49949951142285
7.80440019634271
7.07500888950696
5.63280735752779
4.83258452001830
4.03650678554509
3.06387706282219
2.02444681971884
0.868351395068099
-0.562609248680989
-1.28044100025780
-1.99389596720612
-3.33652976537510
-4.08667153229566
-4.76167953592444
-5.37051273919672
-5.73962303128826
-6.10772224060520
-6.67619033999945
-6.87865383851684
-7.08001106762327
-7.25772580974280
-7.43303392561283
-7.60429312521754
-7.82098277411216
-7.99330420634365
-8.13449120421154
-8.15953489182490
-8.00565733498052
-7.72162572757378
-7.07459849373823
-5.82263958102853
-3.91822910634811
-1.86465241313637
0.558911410842037
1.97122081635830
3.45447471471888
5.05723913458267
7.16267685952545
8.85316787701102
10.2842751845130
11.3030839438941
11.6893347708910
12.0353692818597
12.2558856817374
12.1920557426062
12.0048057440098
11.8165102346233
11.1553311614150
10.8960914553953
10.6368517493756
10.3776120433560
9.84234671043410
9.02024887451595
7.42569825835437
5.78968834281046
4.37894269473028
3.18304549791906
2.06271653703984
0.284947427183225
-1.51889674208689
-2.34061517381561
-3.17564494733799
-4.28992034156245
-5.09637106772885
-5.79606778443404
-6.80338000085972
-7.18441638147375
-7.57240635232363
-8.11821975274445
-8.33448779260174
-8.55037820968925
-8.81861941263255
-8.88799838076523
-8.95501495376895
-8.96801217658049
-8.92774797883117
-8.88695122067021
-8.79648484504708
-8.66390112757962
-8.40493526906974
-7.78832970599223
-7.18084826994240
-6.57345527454235
-4.62049168322020
-3.32553887942926
-1.87346274747471
0.180906818827217
1.44229299936873
2.68442925033682
5.05586399039091
6.09745492939186
7.13182045301664
7.99675086937202
8.86168128572748
10.2259347410003
11.0471612370804
11.2049873765139
11.3512997233957
11.2323520034160
10.9529655782006
10.5909698443403
9.79362173731289
9.18706950072789
8.54450321357821
7.06804637397911
5.17912971987753
4.23522259625565
3.29131547263381
1.21931917864145
-0.952224917106101
-2.67619879941240
-4.19170091643941
-5.31344966339905
-5.71622299919321
-6.11319814618766
-6.79822170839309
-7.16873145935120
-7.30451419761650
-7.43783012006529
-7.64218211601923
-7.72682232212140
-7.81146252822357
-8.02714863280696
-8.15375502787019
-8.27984945199014
-8.47524596667657
-8.34757744492122
-8.20537571643641
-7.69323082617619
-7.18108593591594
-6.08756227478007
-4.41108459857162
-1.58424949975143
1.60415961390412
4.28176298419460
5.53666491059398
6.77763129726985
8.88050746022785
10.4312641629627
11.6518939192385
12.3615903339311
12.6590080403575
12.5761667629053
12.4756374126978
11.8616227792317
10.7395931346537
9.42977138808194
8.64063526767627
7.85411565795492
6.97922606327578
6.06809522023598
4.25810333964636
2.48221146597819
1.52718251086585
0.580193917573162
-1.27064577179983
-1.79948114651324
-2.32831652122667
-2.85715189594009
-4.39277149972359
-5.52518357947212
-6.52563284329108
-7.21381057209052
-7.67681321329615
-7.91966188520363
-8.12756318626047
-8.37068184985699
-8.54612497625896
-8.65357456752479
-8.67223326425119
-8.68835723398826
-8.59586028968003
-8.12973978540417
-7.21620963059749
-6.33379934724592
-5.42870159286667
-3.99960526065394
-2.54955157944697
-0.610544079487768
4.31777482704391
5.69894258537387
7.10957888629457
9.19573570182143
9.92576513249863
10.6454090652667
11.1941352029398
11.6930942321008
11.9781734241879
11.7756543378002
11.0717571174429
10.1139447160040
8.81775316220042
8.12568517816222
7.43361719412397
5.86816796526692
4.30375288707987
3.54505183629076
2.75877119358599
1.35568715411563
0.575623829084640
-0.283095844390073
-1.47476491980095
-2.15467363595908
-2.85840036936557
-4.09480481562615
-5.33054914562099
-5.91457699103205
-6.46068710534467
-6.87506067291032
-7.30329225657126
-8.06669816061843
-8.65496939251508
-9.11769772326871
-9.32111170152385
-9.52299753067327
-9.72930068482355
-9.79225103959926
-9.67522328275204
-9.42842268944722
-8.97247451910917
-8.46766155316953
-7.77194356132880
-6.02909540796214
-2.61622397253856
1.01624079446260
4.92113563533120
7.97128159950219
9.50200969368734
10.9528065344165
12.2727766163161
13.2977955391555
13.7647628619212
13.7481528302066
13.7230529061129
13.4983572768714
13.2736616476298
12.2641566230844
11.6046331049982
10.9451095869120
9.24617085128869
7.53055083004596
6.69015733928212
5.86048380096156
4.80895033470869
3.66128922589625
1.61543091437190
0.641987019385711
-0.327074684951788
-1.18669544620352
-2.04631620745524
-3.76946236708081
-5.23346560242213
-5.82237621416028
-6.42383348655661
-7.30384991402919
-7.64885604730013
-7.98900335852481
-8.50976370516569
-8.68441031956050
-8.86285547043858
-9.09371069813905
-9.15175011591311
-9.20978953368718
-9.17061737967409
-9.05311602515793
-8.61706442125230
-7.46027256785745
-6.40710428215503
-5.35489818541373
-2.88526031842024
-1.68775120924681
-0.713508475538619
0.260734258169663
3.63612664733626
6.11079208725850
8.28632596029489
9.71054908179048
10.5417991287216
10.8904140096303
10.7146353441307
10.1641677766684
9.27880172920213
8.32379101865835
7.15231427056637
6.33061818678478
5.56651657744422
4.83807579554252
3.52480247170259
2.31828396369865
1.69266088215214
1.06703780060569
0.158437802859684
-0.712762894068151
-1.54797659150647
-2.20387525225852
-2.88588324039996
-4.10569825945423
-4.71044692930038
-5.31079740085926
-5.92153517357892
-6.53719288942410
-7.16229546251914
-7.73539254944765
-8.22108630181506
-8.60884019041871
-8.76500047878454
-8.92116076715035
-8.94856305056327
-8.97496620403752
-8.99458734960830
-8.80838837444771
-8.57601274522268
-7.63652414421424
-6.73084120945109
-5.82542746606305
-4.44910662215830
-2.90702349445859
-0.244791146816010
2.36482918448410
4.85530316009451
6.84170561022670
8.48491776348243
9.02791685200344
9.57091594052439
10.0037580850126
10.4171467426528
10.7104718709153
10.5157111723801
9.87309521560941
9.27301237552833
7.95376001587434
6.64863080078741
5.80755003003925
4.01032780360447
2.31919690461382
0.483425245610324
-0.266458071356635
-1.01634138832359
-2.92586546282230
-4.43014872939175
-5.76048376652558
-6.92445563868402
-7.75134020497450
-8.07306162336461
-8.37537386577101
-8.65373752296807
-8.92463354445182
-9.10504310963256
-9.28469535144199
-9.56702763101593
-9.67232890981904
-9.81898464528123
-9.76632413758263
-9.35650018204296
-8.68736827750048
-8.03345242285563
-7.37956095290618
-6.32397722498792
-5.21021512851823
-2.44737608053777
0.469044499419378
3.59526028648639
6.11036249693556
8.32449889430915
9.22177617212649
10.1129303251339
10.9839618900930
11.5583909827240
11.6685350706306
11.3927495443120
10.8704693221964
10.4081695104429
9.84384717807599
8.92361871222203
7.62954938672419
6.16518061563317
5.36162282785587
4.57069617623818
4.06574680830820
3.56079744037823
3.05584807244821
0.911293753277751
-0.869126576464963
-2.71747524695595
-4.21296348183456
-5.48156371471155
-6.63792983302445
-7.51647147665968
-8.10825251417461
-8.53984673737499
-8.79630235141246
-8.98672969035493
-9.09629584618543
-9.32116860124436
-9.47428840450762
-9.54206007916524
-9.45944081284134
-9.14560005352025
-8.64054059966780
-8.03623265050151
-7.21878078519645
-6.13836763309008
-4.11112973773200
-1.38874672332001
1.30680548797900
4.23992796211020
5.53470212970719
6.82947629730421
8.01143894337688
9.20114787315867
10.8876533297352
12.0281715199407
12.5043487307902
12.4825460658229
12.1951958125485
11.5881080581486
11.1230295028118
9.96253232359132
9.25109758591906
8.53966284824687
7.70711206832455
6.87169735086927
4.92262382277390
2.80235918229713
1.74855152772096
0.658479111962387
-1.27554119267201
-2.29692138984020
-3.35852573517094
-4.71653886644640
-6.02592292410372
-6.55682144968014
-7.09102369297127
-7.90887425188059
-8.24230874018622
-8.56933068279224
-8.82350008210442
-9.08170748338516
-9.43294423771071
-9.58936852825582
-9.43051893198135
-9.06021816982182
-8.57543518419443
-7.21435554939760
-6.11628433997903
-4.94364473067794
-2.34747449541131
-0.991109961450444
0.365254572510310
1.80298101831131
3.30619280858171
5.73094147271774
7.67456705512314
8.40385688019250
9.12273636341877
9.93492402824585
10.0446914950173
10.1298249626574
9.86635001834853
9.51315681786233
9.15909397353600
8.06241352615480
7.38640735445620
6.70549448481012
5.91039370273730
5.05916051140092
3.48444293400070
1.64288431098959
0.764727122967117
-0.113430065055282
-1.92309243347370
-2.75160162982388
-3.56874096596811
-4.37235711331237
-5.17456524839681
-6.55149607713269
-7.55664285270349
-8.52694341041185
-8.81412787146497
-9.10131233251809
-9.70001545339357
-9.84133084348910
-9.98264623358467
-9.93806129446149
-9.67443895955287
-9.40280415433846
-8.92494464547858
-8.44708513661871
-5.89814179519830
-3.33156190619362
-0.475670186302988
2.54262686388684
5.07144175512644
7.10552549946551
8.11858156560006
9.05120756076343
10.1996537543987
10.8701215688751
11.0305443536313
10.7776823404504
10.3575097931701
9.40118223328071
8.88612239494315
8.34069106643147
7.14994356146620
5.78462759089851
4.43415119121671
3.15150092954224
2.29713258770908
1.47874386609162
0.0962993778873877
-1.40863889311371
-2.72459275460292
-4.05347518163432
-4.82760248956785
-6.25608131553684
-7.10164301381192
-7.89480450431510
-8.49826205101367
-9.02953617252650
-9.41312953695233
-9.59483201801965
-9.71807194354773
-9.79033497208933
-9.86273232937169
-9.94782558369561
-9.93200070979814
-9.77854747420095
-9.58274043084904
-9.38693338749713
-8.43347685032496
-6.60296959149261
-4.26462195748676
-1.06314127250176
2.05637670001914
3.88027795386549
5.75727901910797
8.28608719881408
10.4510958514923
11.8398795607798
12.6439136017761
12.7749662832931
12.9019567030829
12.7506208537367
12.5370927787385
11.8038363520366
10.6903274384469
9.93687730915880
9.17014498583165
7.43224178562976
6.23648164953689
3.56846391648456
1.66496189198335
-0.307497716096616
-2.06244075232175
-3.79987756155887
-5.20266392813031
-5.93806464929955
-6.69492976138170
-7.50501064868230
-8.21194958478872
-8.79373519688244
-9.13674445093655
-9.35744838362055
-9.42843518039100
-9.49866359931984
-9.56693024601277
-9.65063235660396
-9.70384589809423
-9.66022429694064
-9.48048915554088
-9.28489981361871
-8.76274133480156
-8.20156305881261
-6.36116818904830
-3.50244027232055
-0.536578468867444
2.70578160605600
5.36745249697472
6.63424016823474
7.93634457481822
9.43920437475312
10.5248536284138
11.1411314727539
11.2642401185529
10.9873052868208
10.7010602317351
10.4148151766495
9.50271369755701
8.30478776909294
7.08789711955734
5.62754557049900
4.28025055908183
3.53622459313192
2.73812293337937
1.44876808893054
0.175092712337594
-1.17944470362040
-1.82506834882123
-2.46253431863642
-2.92483941584279
-3.38714451304917
-4.92063374471996
-5.93969523496498
-6.41565527761036
-6.90766712065007
-7.72497887036278
-8.24392426866775
-9.02353852449704
-9.44736936045902
-9.69818911372827
-9.79731744841830
-9.74847380229328
-9.52309313297214
-9.26072905166221
-8.37400326143471
-7.39827758451497
-5.83967252356707
-3.98230740422193
-1.31978622113738
1.44689983343079
3.62869044623905
7.33956333501803
9.64966033840549
11.2827944614505
12.4291484510573
12.9522383037795
13.0099129975627
12.8183919516239
12.5423356272736
11.9856513916522
10.9388585668671
9.79353630231727
8.36193498252980
6.96509554590427
6.02398379948817
5.00157821839289
3.82365380345169
2.36328919178657
0.772196412901720
-0.637072007945008
-2.09517223762916
-2.79575466275263
-3.54638404128216
-4.63918396958779
-5.83811058002605
-6.80828206122411
-7.71956795385411
-8.40136482637199
-8.70577833068991
-9.01622888985954
-9.38769656436393
-9.70212290960405
-9.96290154333783
-10.1436237149780
-10.1884283815854
-10.2266345575951
-10.1562375084886
-10.0847877625312
-9.49694564629481
-8.35060945536645
-7.40904099790202
-6.46747254043754
-5.29216008780648
-4.11467722262436
-2.75303547663172
-1.25594330771767
2.88494138630839
5.27456231209894
7.27705611015581
8.53046046387807