13.4231282361118
12.5946662829807
11.5620196874529
10.5873926913515
9.44829408892548
8.47746750885322
7.58267079292004
6.75833474555625
5.96532486841516
5.15189076596975
4.39762677821361
3.35978787096628
2.39468839668335
1.42253256314184
0.467091663610214
-0.445923072471455
-1.33022855353868
-1.99876051337143
-3.03616497902455
-3.87491673970192
-4.68738813047007
-5.40124593267760
-5.97956916723759
-6.40585413424612
-6.68265292308085
-7.02741569184753
-7.33459771280033
-7.64550080959915
-7.90769241398245
-8.09359383942944
-8.21492407771288
-8.28941910651906
-8.38883897956041
-8.45313754615128
-8.47442451216799
-8.42797496743976
-8.28672143487907
-8.03266111253143
-7.71784021176132
-7.21986718515871
-6.70882964176531
-6.02859069424414
-4.96824692037816
-3.36922711421750
-1.17278943685962
0.765224387996060
4.58573279847239
7.66689780268412
10.4981354839947
12.8282625345281
14.5123463564441
15.4853303820797
15.7089561937318
15.5199540834759
14.8065262118644
13.8128339898530
12.6783540389481
11.5098227148228
10.3927346818056
9.58036106424498
8.41226609985242
7.57420750192143
6.78847079539211
5.99914102185845
5.14860929171191
4.17336121583545
3.37571457919014
1.85588403982657
0.563350964469454
-0.748946620029661
-2.05717368459475
-3.28178431688254
-4.42047567754102
-5.16561779970229
-6.24696238066986
-6.88170709095046
-7.35593511286842
-7.71876180732698
-7.87044146756189
-8.02205776467762
-8.22391422453008
-8.53524584651333
-8.64384047852721
-8.75243511054108
-8.92738188685164
-9.00449724338861
-8.93542394705701
-8.78372458834058
-8.58862806701360
-8.34991315449385
-7.90447410317463
-7.44008254378046
-6.99183978763333
-6.50551819960229
-6.04438735240115
-5.50676463007669
-4.91179536406847
-3.67098739083675
-2.10274845546185
-0.137599905048126
2.25864168476231
3.97051501918386
5.68977452443001
7.41758590785073
9.55844672723124
11.1289081810447
12.0914245696624
12.4909294345000
12.4697135388496
12.3593227532056
12.1278450267165
11.6055884658284
10.9286314075043
10.1150080120105
9.19310857759216
8.50058979128340
7.74920380604622
6.93818129474840
5.56129033937294
4.07503655557373
2.54243601862217
1.03061249743869
0.116883665750738
-0.851507819336700
-1.91931235329081
-3.27965184935277
-4.48593702971451
-5.49201712076154
-6.30849442158921
-6.72069056151515
-7.13575166542706
-7.55589486674719
-8.05028411142534
-8.45237643204682
-8.73680554459974
-8.91221462369887
-8.95846243293201
-8.98435990334668
-8.96276261810260
-8.82495638191931
-8.58192597630701
-8.24258781945585
-7.80209891773886
-7.47528920084714
-7.11025140095413
-6.68422780423038
-6.01919812969606
-5.21808888687290
-4.21556297451481
-2.97442692870657
-2.03970325680697
-0.959326441406979
0.412395400525709
2.43505347444534
4.58416415544146
6.68364909767527
8.62248169509788
9.51661668032228
10.4208288480878
11.3752113648878
11.9858303373508
12.1200792046281
11.8599097583753
11.2857075487724
10.8666931475954
10.4081076018220
9.52409737695028
8.44157987856855
7.36883438305514
6.24662418752478
5.09788053088889
4.40928338560996
3.63076918209360
2.59275566376161
1.21055291057323
-0.209902808412224
-1.58898812550984
-2.88261250339547
-3.50802357983833
-4.16941045468837
-5.04339212310038
-5.84961816835177
-6.50010367219189
-7.02287044272142
-7.46478593940806
-7.66210057627715
-7.86849863859864
-8.12600513494304
-8.34438702397747
-8.48046021547636
-8.53794354046689
-8.52381471617131
-8.47887317398226
-8.42785311284832
-8.26763283346881
-8.05450574941075
-7.81361230745661
-7.52226388955212
-7.11030642741537
-6.76332784080879
-6.37645251000991
-5.30446466492537
-3.65189691640910
-1.55234486732469
0.880935182052421
3.47695124958109
4.69546529758171
5.91384158160405
8.43023386433669
10.3495418830233
11.6937851158891
12.4344304254344
12.6418689008508
12.5235614750079
12.4046210173760
11.8333243563375
11.0399949005310
10.1121824662329
9.10698980849102
8.06702763295586
7.55389798138963
7.04076832982339
5.93526645441473
4.84375485313035
3.71512706798080
2.54255306624510
1.33959082900123
0.785051385178973
0.230511941356712
-1.07191548820002
-2.21780698854211
-3.28419977461543
-4.24221164678108
-5.11501673849340
-5.51629983297035
-5.92885423981744
-6.55374863425985
-7.11341860500061
-7.56366451493722
-7.90579173767892
-8.15824671167134
-8.23974182602032
-8.32093010050667
-8.41914405089349
-8.43981065126497
-8.39718419910754
-8.29193667910710
-8.12023516510711
-7.99917246927738
-7.87810977344766
-7.56352753539663
-7.20528695059171
-6.78205761434301
-6.19362950671501
-5.29808249427601
-4.69359201737576
-4.08910154047550
-2.07721914787329
0.278256800183236
2.99509970440000
5.85114862733951
8.53367665305108
9.55266951977037
10.5716623864897
12.4632124297858
13.3389074480156
13.5610258124638
13.2644285736946
12.5947361158309
12.1087899613302
11.5888559437841
10.5510670239558
9.35519061305680
8.11150444241604
6.86013994341831
5.61275764838897
5.03511878477128
4.46016965380992
3.07745573607111
1.77370679350407
0.467001755825605
-0.811040831709939
-2.04495026035996
-2.43205638770867
-2.81916251505738
-3.21950791136904
-4.24929699808644
-4.72087078092284
-5.19115261932979
-6.00463234797058
-6.50948101782856
-6.92759446956217
-7.29391060767707
-7.80183942419702
-8.22357473996306
-8.53583089489203
-8.74832631067175
-8.80779288255105
-8.85808371694495
-8.86507503311915
-8.78293704314864
-8.61325968749182
-8.35146175430688
-8.02179650875685
-7.82884039558912
-7.61171418229761
-7.22193314955501
-6.55504331817408
-5.53267606652731
-4.11199158042731
-2.45775401695595
-1.43367777833199
-0.364258904808940
1.83696707939016
4.50620033924054
7.30384931791266
9.91584299962807
12.1141176343882
12.9116398347553
13.6965464926275
14.3552838470667
14.3339408367548
13.7263910700877
12.7130032050041
11.4183315550654
10.6671123289421
9.86550877927654
8.45633500519122
6.95434816775908
5.52398733725491
4.18540069046034
2.95208502849532
2.43322393216889
1.91436283584244
0.688258179113010
-0.385921825631551
-1.45790186532860
-2.46421265279132
-3.39804013516113
-3.81468181723480
-4.23132349930851
-4.98503369839969
-5.63572659565897
-6.18588400489031
-6.63086580443258
-6.97288887788489
-7.09975362400522
-7.22792181080158
-7.38041333352368
-7.47954548636668
-7.53914978069481
-7.57101462082222
-7.57277160629605
-7.55478826698873
-7.53680492768142
-7.45889678675547
-7.36003445935554
-7.24564680649818
-7.07328163803385
-6.70703698809053
-6.29998505985635
-5.85928207660791
-4.44849290876799
-2.32901740902415
0.429410177178503
3.55876404048939
6.78271170439500
8.14158619707895
9.50046068976278
12.0353686825174
13.5175252319728
14.2029823737596
14.1961839186700
13.6425269848491
13.2100566470260
12.7775863092029
11.5087823611680
10.1586550561357
8.73057577654460
7.23396862706518
5.76215252404773
5.07014015908526
4.37859595726358
2.87523863232747
1.47053127078150
0.125077643137182
-1.10085217482127
-2.23172223254071
-2.75846825716103
-3.29949676179520
-4.21969953610880
-5.09919832757667
-5.85978593823127
-6.48396016226023
-6.96408553366819
-7.08903548885764
-7.21398544404710
-7.35563849571109
-7.56835110429267
-7.74733924599080
-7.87251922909268
-7.95501958948187
-7.98763294464271
-8.01955153359410
-7.98758566062721
-7.88214255368733
-7.68411214437137
-7.37913366492924
-6.93867204473331
-6.57587923709511
-6.12277017378234
-5.37927637430346
-4.12708855521644
-2.47441012011092
-0.127357859662769
2.73865772357951
4.33029111703937
5.97779102807450
8.68675477304353
10.9509535418579
12.4727635508195
13.2602653849237
13.4407409456708
13.2731645602548
13.0395393249602
12.4132102486432
11.3863497983898
10.1478801999929
8.78923982926927
7.37307764238540
6.58943700666757
5.73572440943839
4.33802547353944
2.73712343261256
1.12191202154825
-0.435562052151291
-1.90128563119687
-2.56847416355094
-3.23566269590498
-4.52035585146380
-5.61744255427155
-6.59236390126885
-7.40224131529092
-8.07313268078498
-8.35057285529502
-8.62684139509438
-9.05400065504712
-9.38816500011636
-9.62018166440896
-9.74770110897244
-9.74692034867980
-9.65789578414268
-9.53756099331543
-9.19981545116841
-8.61648180162932
-7.86671343148965
-7.08774629760103
-6.32475486365404
-5.78314798914784
-5.24154111464156
-3.13472319896086
0.173475983553210
4.22504154286438
8.38207446916804
12.0125592604036
13.3905805129030
14.7762706026476
16.3000416108675
16.8049467383826
16.4880866044429
15.5594189599188
14.2406609108870
13.4776135516423
12.7145661923977
10.9684816166019
9.15779132532355
7.31727624767463
5.49685108179913
3.72650202284556
2.83573748204655
0.367136756860566
-1.20586654323741
-2.68423538530509
-4.04960993965777
-5.25806578015659
-6.28833780576024
-6.69999351907287
-7.11164923238549
-7.87779428309663
-8.48151707682487
-8.73067989047488
-8.98028541284331
-9.37153784931229
-9.49697615061582
-9.62241445191933
-9.68872618578936
-9.74637433869401
-9.68701198434265
-9.47120896425011
-9.11677564167762