16.2223758889576
14.1982529423187
11.0932173285066
8.75183567078444
7.36778973485959
5.80956957153551
2.69819914767370
-0.772039742553960
-3.71214125434017
-5.99896788685739
-7.97595716821825
-9.34201800748926
-9.85625334190717
-10.2753520888555
-10.5457071127567
-10.4057411275955
-10.0570987564361
-8.88333828153372
-6.79503072693379
-3.63041927945156
3.39979531769950
10.8341212489422
12.9950852232621
14.6468366034276
14.6409997026041
14.4545297156313
14.2331766070396
12.9642419889866
9.87438623905419
5.98877239587993
2.83035625544416
0.555454451429229
-1.01272079994445
-2.59138903018940
-4.52640594962470
-5.78518181146702
-6.63873134968316
-7.42845321657104
-7.45767611837866
-7.12475189450379
-6.53560750133565
-5.69326465402305
-3.02902523585867
1.69723669528579
7.41546616278928
11.8181509624520
13.6848516113908
13.8108746010055
12.9689857530213
11.4118348825636
10.7410950717070
9.29113360940766
8.20118598958308
5.55155975339236
2.97987400039634
1.24065850552225
-1.54730521137504
-3.91345810791420
-6.17774866078976
-8.20479083868786
-9.23648353526146
-9.26083255299377
-8.70559674052560
-7.56089196119317
-5.52059334720225
-1.74594226400288
4.26255781467046
12.4446227482447
17.9804311915955
20.4688105147843
18.2638663599101
14.8457682477968
12.3650877696383
8.33603719329248
3.83215147214965
1.92860207205418
1.21350082403914
0.405801427926803
-1.29190188074260
-2.65604042986084
-4.54567829578679
-5.31774398453349
-6.47944237046811
-7.71612357706823
-8.77708252331634
-9.42176979142523
-9.54466270272645
-8.88175340087701
-5.85803221998178
-0.505617411553321
4.63437814061657
11.3725599857639
13.8924356305776
13.1556540626033
11.1535217745344
8.54744948975635
6.43352449701483
4.85574289163923
3.12856434450609
0.893527433454010
-0.383607163373958
-3.23823673752742
-5.63228153791269
-6.93026513203236
-7.99960958146911
-9.15927480834974
-9.83568067645726
-10.0120307765807
-10.3576065105581
-10.3092045816988
-9.59673207752261
-7.54378044400188
-4.93144303924248
2.06724230717067
5.53556325405846
9.83964275362935
10.9420964908918
10.7739205210998
10.3421110216465
9.05298436889827
7.69889114222902
6.35673310946602
4.15410389319301
0.844733631439841
-2.03918316468048
-2.97018390828325
-4.40792692634270
-6.15810724143070
-7.19763828630357
-8.16311243551144
-9.29533879609595
-10.1759939334515
-10.3851370115491
-9.72889215170112
-6.72255983798388
-2.86551355620567
1.97805675479234
8.09450805639000
11.4629083655542
11.9610416387760
11.6828422293357
10.5832083469880
9.50285827809264
8.51168751228065
6.41385855655863
5.22338403705425
2.95757151594531
0.331395784148541
-2.42190334150500
-4.62980020945136
-5.54802995817046
-7.50819067979083
-8.75597201094002
-9.21587706904313
-9.39170894903955
-9.06737667971246
-7.91154131006518
-6.92910970956195
-1.93376928682915
4.77974311967668
8.77997461728982
10.4905706681246
11.3931490787007
10.2154510738055
9.24467068940265
7.93164061412172
5.64271270765027
4.46728217814818
3.58345932298865
2.77808241560758
0.907297517879823
-0.347705096366039
-1.75108498304660
-3.49789889525175
-5.45183171784814
-6.10844857181163
-7.50494591074346
-8.97023025360098
-9.84529526327120
-9.74289232981153
-7.69667899170599
-3.23031753431146
1.06864490960632
6.25878275813603
10.6041304994858
12.0448793697241
11.5583231317375
10.0474314674639
8.67159040237512
7.97518650566833
7.22203506493609
5.90242759987102
4.14720252530833
2.70431695320456
0.432270973621421
-2.10131999479669
-3.16284292973200
-4.98694447881127
-6.34130577743991
-7.10450381748441
-7.75500317771984
-8.64817266744789
-9.17725743979584
-8.89168684012953
-7.54030492611823
-1.28737614403642
2.98510325726676
6.72390304408466
9.42855134994430
11.4431045240455
11.8170428888790
11.4922268440280
10.6684488247613
9.97518558138035
9.43493056773195
7.18264959770100
3.17886061651749
0.206639183173340
-2.20821126355459
-4.62829579174591
-5.99102345186261
-6.38393411343031
-6.69433695904432
-6.98754772855788
-7.44522339862736
-7.89799329369973
-7.96717497855114
-6.78291746990881
-5.88924235645322
-3.31525925972148
2.64867593055790
7.72777455805310
10.4198002009498
12.2020963622068
11.9190501812061
11.4242609768325
10.9884926731291
10.3005403176093
9.49062401042944
7.52028982179749
4.41277572331116
0.926484424236642
-1.09012532669336
-2.66987290039822
-4.14546836320434
-5.10371177962610
-5.68806875014227
-6.67489724831619
-7.67043936458336
-8.01975647865932
-7.70698240950897
-5.91392816390157
-2.48141631970973
0.0593870890068304
6.65501986348825
12.0997959972836
13.8881290336884
14.0429698191062
12.8705963467484
10.9599662558828
9.97206413546621
9.06842670479897
7.60260628398932
5.80835923828840
3.57282726944186
0.535508498587418
-1.89677623307515
-2.77972920584805
-3.76828879126521
-4.50355472639368
-5.35698498220858
-6.28024102000752
-6.76906751745502
-5.91920038684967
-4.87909180521071
-1.17621842416868
3.18341961307458
6.02953078253392
8.19997677468636
10.5432592386822
10.7596959589988
9.97563355630060
8.54114361083291
6.74872970147665
5.42093285876450
4.95235345190112
4.20450278057192
2.02914295990582
-0.458818814791893
-1.97424177685958
-3.91134395074023
-4.73741363996669
-5.79488588430384
-6.82848046053460
-8.02534795162221
-8.69314959849077
-8.83827278797364
-6.93729722113215
-4.38688658376585
0.279639430261258
5.27553373167143
8.70852592343046
9.80063509419916
9.96779140481611
9.25634125232817
8.42934880786005
7.55393238432583
5.94574213537642
3.22529180033882
0.597223812777425
-1.69320820827241
-4.27028746810307
-6.06102365407222
-6.67678354725457
-7.45798071907900
-7.91072424723757
-8.29639441054353
-8.62278027062238
-8.26991761510659
-6.25131477248464
-4.45632939821755
1.07624394832993
7.22250610614562
10.0800134993679
11.3641588568469
11.5047913094537
10.6614091200205
8.99128993818420
6.57314890603170
5.50033090082530
4.16790646585087
2.64803652487254
1.52827799343189
-0.551638305468625
-1.42545632251456
-2.95609239196148
-4.24080413838268
-4.91827397489834
-5.28962266279867
-5.91330380674227
-5.85429842762121
-4.97988572342605
-3.12912174809387
0.502886411768934
4.56744119237239
9.16132056435882
11.3295374196051
11.5519213774566
10.9637584075199
9.62397957821509
7.91169598011214
6.86514382174182
6.10168973780696
4.44808306099338
2.90684361318096
1.39317988418987
-1.68701868550736
-2.93862569935705
-4.49427718959753
-5.90276948043126
-6.72996234637340
-8.18768225214804
-8.72100256145364
-8.53111832328511
-6.04024170378299
-2.56598938173698
-0.0649649552940013
4.11354139432219
6.80991572825325
7.41450884836906
8.18056336399964
8.14452626471412
7.94187502100743
7.90381034505941
7.90995537367554
6.79888908242876
5.76733976859730
2.90295744401138
0.265738168914278
-1.44648448897615
-3.03151492923910
-4.50885041939003
-5.73904326499732
-6.42421153059725
-7.12511120110866
-7.77169749819713
-7.65627803447422
-5.98622127163191
-3.54198410039355
2.79398058377503
4.72576701669855
8.28056782050137
9.21103126665891
8.98696368736091
8.78761720295140
8.04566717838233
7.79580770783454
7.78306194032788
7.10683491179991
5.02218822651756
2.22512348684981
0.457979114977771
-1.74774781411508
-3.99165108261781
-5.66347296057856
-6.75546969104839
-8.01145941994952
-8.89758368161661
-9.34937908406646
-9.83024638547167
-9.47144576292261
-7.62564950570007
-3.91069474311181
3.25102564292148
9.57876717856576
11.6014683099998
12.2980130725953
11.9312567415178
10.9554932898547
9.89719820280933
8.49156934636440
6.98979599359238
4.58997325666824
1.24636378406034
-2.20955687263874
-4.00778633766365
-5.10235620460148
-6.56988846654659
-7.86345590342586
-8.51700963134002
-9.25541431533561
-9.82740924703407
-10.0964844972272
-9.98874526482999
-8.51530202139070
-4.81593018570651
-1.97899561976896
4.39676201446392
9.50914258943906
11.1223676718259
11.3391701381296
10.2203448923116
8.41037609604466
7.65096770840045
6.94399449735110
6.02490258423129
5.26846942539878
3.56653217833456
0.444485626079052
-2.79017216325869
-3.94958472055896
-6.93904135671718
-8.74334870861465
-9.32511692371473
-9.78731444669235
-10.0567802950178
-10.0308661553595
-9.18244676122325
-7.09405481896799
-1.41239150107220
4.51851596663530
7.36194041503831
9.54132248174199
9.97220358389170
9.12949573222888
8.09956295070480
6.82420273297267
5.79548696804064
5.55688125692498
5.37680631280200
4.64314914516550
3.12953094848160
1.81572169648837
-0.339924921746959
-2.41337844781528
-3.42650010480445
-4.96631860674788
-5.68332041383105
-6.84986264804590
-7.27100037845503
-7.58289888431983
-6.96757380201940
-4.75608517505670
-0.820415492338818
5.17035546023124
9.94059751224294
11.1940156473925
11.7200670340721
10.5539852712700
9.18470840476232
7.35748476727382
4.87732698756585
2.78809909614743
1.86221118867104
-0.341783720431207
-2.88437018293655
-4.53119248968680
-5.87881265577156
-7.50023059781810
-8.67715892702488