20.4840761876647
17.4145113027096
13.4123358606940
9.36283942370074
5.77628820834583
2.10375631153391
-1.77723477909571
-4.39330212851920
-5.18329342516293
-5.21960743402128
-5.21957539128379
-5.18039753687333
-5.00852953977540
-4.98827238104504
-5.64395313065065
-6.99378240326643
-7.71994554844832
-5.83772155883125
-1.13000197373312
5.91244775040835
14.5739880149809
21.8865675508230
25.7698925405398
25.3997286960915
21.8201079613165
17.7969632100431
14.4698335529516
10.8780642719533
6.70148069906593
1.81001607956518
-1.65544725468633
-3.46703523937279
-4.30422653868797
-4.36061730523872
-3.64391422623732
-2.90629541974916
-2.56821837263988
-2.94567111366194
-3.68912345361878
-4.01258763817944
-2.75584813253986
0.836717621622764
5.33767119508393
11.5202837159452
17.8466210479141
23.0302711590692
25.4483538280190
24.8038595340628
21.4949537248065
17.3069138527637
12.1195260531249
9.61626390746235
4.59026389285528
1.16177884163019
-2.32943744616017
-5.22808913885563
-6.54600473487371
-7.06507571103863
-7.19018416263344
-6.61898141793779
-5.99907285630140
-5.16874329905407
-4.15826129264994
-3.49120771893466
-2.42713507963293
3.09135295896692
11.1478732876653
15.6887640324704
20.0867560270825
22.5349379163101
22.4164366323272
21.2437341229788
17.8665766243331
13.0777824193064
9.43894232740197
4.92671071171297
0.185943169860203
-3.15885225006173
-5.59623640493908
-8.08572613622177
-8.75788259247207
-8.46907785145668
-7.89014481218530
-7.43178089915880
-7.45404199981818
-7.79254797914195
-8.47762776428509
-7.56604798678547
-5.39195986765353
-1.23937239380602
4.68967463699844
9.31437227558630
12.8227993650628
15.1580824921738
15.1271233321922
14.0153624975869
11.3961060905989
7.77889330817138
4.86853559109724
2.05513610420423
-2.09687699246594
-5.86133454184522
-7.43396086156721
-8.42884600131271
-8.11175097354923
-7.50845001164432
-7.05349745722195
-7.12483104229126
-8.02772091419826
-8.41367757781726
-7.39091408014342
-3.67911901810104
0.475099590132877
5.10079795527646
11.3702994986346
15.4226686780138
16.3518207577955
15.8382322730437
12.9081543018399
10.0024415216848
6.86092940831569
2.65438256549076
-1.63039776926047
-3.52018860310363
-6.87595251394987
-8.93812111856307
-9.75869782794762
-10.0113297677647
-9.59904407959050
-9.09237148128834
-8.91890946946889
-9.06500781305051
-9.33294590210183
-7.98864041940633
-4.84329923638149
1.53743545406791
7.47325655237732
9.92062785192440
13.3427001345128
14.7267761635030
14.4353964192635
12.9866145496920
9.40581845310214
4.96694054742626
2.76053081414356
-1.85906130057847
-5.48012924011571
-7.72609425034169
-9.59699872779633
-10.7139009331355
-10.6928990500072
-10.5342288041998
-10.1637501782338
-10.0287565991901
-10.0855606875092
-10.1063646050160
-9.62311876828857
-6.11666306243287
-3.55818751335986
0.0321384062213482
5.98208403590546
9.56924931246685
12.3155241086016
14.1766389363970
13.7473800347645
12.9016404792584
10.4729180742620
5.23761511410828
1.62707694718566
-0.742618012428720
-4.07890681054286
-6.80624340963324
-7.63854825244247
-8.58012176638487
-9.00526871450309
-9.34649133571962
-9.62521352906018
-10.0755769023692
-10.4515265393499
-10.4776818220492
-9.05690173873354
-4.36870325320304
0.769556534158315
4.48312913851494
9.98442659932310
14.7743207752245
16.1692028205731
16.4596259045003
13.2740567017443
9.52264448257241
5.31013223428314
0.936373584997522
-2.44248656067568
-3.78080240152390
-6.60797709146952
-8.19878599159694
-8.63704993152884
-8.80292512793790
-8.88760405251118
-9.05266397677270
-9.14443927902320
-9.35436829764798
-9.61077666913126
-9.09426955473396
-6.48592749528165
1.02455419667765
9.89596493867439
13.7588454185576
19.4947495909873
21.9811140545855
21.3285277090655
18.5306990217137
12.0905240539645
5.60052962098718
3.29437674247737
-0.651943384803413
-3.78972239302993
-5.74294801070144
-7.16115320197781
-7.95803554354829
-8.26477839880167
-8.35541876071808
-8.57588948274650
-9.05728667018305
-9.40416828725734
-9.57314835480999
-9.49659303840823
-8.21414112374394
-6.32518319849181
1.60515079840042
10.4058329276989
15.5147575240816
18.9218237122795
20.3424126329439
18.9554297698978
17.2716211403169
12.1018573965727
6.48446996210634
3.24033997496042
0.486089024745292
-2.67645470089036
-5.38531950322076
-6.23413949026761
-7.29347335730172
-7.43930953469119
-7.31852071753352
-7.13264406164586
-6.86791399771746
-6.53458534964169
-6.34946986331698
-5.97369280287433
-3.62395910021342
1.79126740998603
9.03089526991559
17.4079198905751
23.0415364606987
24.4917999561345
24.8247313146915
21.3960105236273
18.6391332152304
15.7337985117828
12.1918706955440
6.30925016074002
2.88350830389111
0.759890642799226
-2.26307906852411
-5.19206872324803
-6.00669440703222
-6.76836108686933
-7.33649882544032
-7.38925613824265
-7.30601874077539
-6.95577511261023
-6.36978733835459
-5.64314734235595
-2.67350142387748
5.89656143024085
12.9980436635620
17.3659303775157
20.7575670271509
20.9071718149849
19.3207143115172
15.5750463168612
9.53815907951000
5.52506635881145
2.43070929813229
-0.934688032187540
-4.48047420029878
-5.83101524079778
-7.67201124066996
-8.01197398318658
-7.91774136812169
-7.80082318702503
-7.72982003921184
-7.81515359529776
-7.88905735557514
-7.31589331393092
-3.78494812071489
0.928520245542384
4.66962392202694
10.9591105489586
16.4146913327719
17.7757024530012
17.8525958004312
14.7239327105452
11.3553522587170
7.45859541089949
3.18769614960166
0.0468548264911841
-1.26183915889816
-4.15145645631621
-6.35236517179892
-7.16023395361366
-7.40098961033592
-7.23852718083315
-7.13861915480664
-7.12895108942407
-7.03543825587980
-6.76337074974338
-5.97288644352016
-2.76923194701836
5.80251465821655
14.7414286288792
18.0805131241338
23.2269626887912
24.2316164118745
22.6558357452380
19.5887024414828
13.5137288358909
7.71517019916672
5.95626556922031
2.34276553957903
-0.621805897433915
-3.21076970397165
-5.91582797783147
-6.16480420760814
-5.26881544509168
-4.90717681976778
-4.78804965820165
-5.35615238161823
-6.00919360749962
-6.38288975310418
-3.93911128571441
2.94982998163360
7.06895784137903
15.1281511612104
19.7304692598573
20.6097092904621
19.7299388890051
15.6461693117223
9.66739398612134
6.68113692944496
1.78137419218700
-1.85740072288378
-4.19673413058989
-6.47372942571220
-8.70228622354298
-9.39484055504620
-9.16740042089759
-8.21245345186241
-7.59361746411522
-7.46076309138068
-7.44820752377549
-7.36761335955366
-6.38071095091191
-4.87966202263465
-1.68155455832335
6.30202908601125
11.9069548351414
15.9760619868143
17.9988750391769
16.7580768798981
15.3035207132983
13.0697189488301
8.07155754196189
4.43446107197112
2.02546699696923
-1.67852493557746
-5.81827616321802
-7.32709952018661
-9.18677884268179
-9.18525212168925
-8.54911595674564
-8.04917833304381
-7.26949839151792
-6.35657753887603
-5.93056838876974
-4.29621371909452
2.43648926800638
9.55481258642503
14.7876417080203
20.1524977197412
22.4215706474165
22.2400618326073
19.3396798076471
13.8596705050058
9.31398030703919
5.02505728918464
0.485545944008320
-3.03881390330261
-4.68778205590523
-7.40799451786371
-9.66311822740908
-10.7492666914032
-11.2941490190300
-11.0401687824180
-10.3034163417975
-9.97653785609019
-9.47822801865467
-9.15240314002952
-8.62916022596729
-6.34123961561492
0.292044959865020
7.95314657510746
11.3211722985525
16.6361153831486
19.3393172684430
19.1440419976386
17.1761833547305
12.0172715767335
6.65273195780967
4.41123655884846
0.282350086738255
-3.31376710913811
-5.51738273737386
-7.47152656233177
-9.14515655251847
-9.83484427880008
-9.79278572923224
-9.15933654522466
-8.51659880645629
-8.27733579653141
-8.18050829318982
-8.23461657174155
-6.49668417165445
-4.55925568087865
2.54490394120565
10.1990319216001
14.4029042754321
17.6024179962828
18.5479368850216
16.6808773951965
12.6181252360315
7.66921363732020
2.93953619246099
-0.189485275341214
-2.67992884021175
-5.30573723072532
-7.49090922954053
-8.40028478353523
-10.0364306669577
-10.7365441540553
-10.6509590180358
-10.4087779561757
-10.3288397515316
-10.4255035444369
-10.4671025651405
-10.0873669359203
-7.48654110126681
-3.68157320466789
1.47478450687734
8.68590986838753
15.1589652617623
17.0918380116021
18.7449057985653
16.9424988372291
14.9492990478365
12.6174756107906
9.59911708554852
4.52404477926437
1.83076283508300
0.228090827054935
-2.20653649120024
-4.72412830186682
-5.60778285171474
-6.43648942207934
-7.45684434377039
-7.86693190807763
-8.03626492116297
-7.88324158470987
-7.52068087641287
-7.03445642402230
-5.16578929909768
2.57356462462750
9.08929360471990
12.9730833961620
17.5182109951643
19.6414111969266
19.4745339077917
16.8909302322678
12.1083030014262
8.15906596200942
5.60272714905497
1.91919317489249
-1.40676240290665
-2.41080819484406
-4.07126291516521
-5.94885943694151
-6.35819982463862
-6.11526239811287