9.32862897130098
8.28044132604946
6.79391186250750
5.75981391066179
5.09158655432240
3.01341780484346
0.215798300476650
-1.88554025252717
-4.42779945360336
-6.82919237289553
-8.05143002311408
-8.77338854188732
-9.32966988322601
-9.57814423343058
-9.71063020798298
-9.82835561553561
-9.72826893375618
-9.03445033078703
-8.04799476416483
-5.46230442941138
-3.36432283424619
-1.03715045956586
3.01694356014999
6.79940613406393
9.02168638155130
9.80302306332947
10.0756402429961
9.84144603244732
9.23185955342830
8.44321626676793
7.35293197188862
5.03524936031804
2.90922093480123
-0.0656016551500480
-3.56034301053894
-5.85953993022834
-6.57737726528452
-7.63006268382222
-8.35808906712704
-8.82916819827287
-9.22013686048470
-9.43350832771503
-8.96948355234648
-8.46642762367782
-5.98221174218816
-0.969045253952813
4.10781331336543
8.67370240345359
10.8591148622943
12.8321988186770
13.3342600966127
13.1167442401632
11.4397144025920
9.03550223815539
7.73825660085967
4.22321303369798
0.403430649496663
-1.99625402774734
-3.10710702478789
-6.52539169187277
-9.08744052779917
-10.6576532578163
-11.4080126467792
-11.5713310666574
-11.4790030214312
-11.3378006259334
-11.0680051137561
-10.8531298725845
-10.7850898350533
-10.5810389524681
-9.85152858207691
-8.19731590292815
-4.83085353663020
2.63418505471182
10.2761042381764
14.7108221538474
15.8762357248857
15.1218682413671
13.9370262077397
12.5750076398172
10.6643658248456
8.42494734241851
7.08454436733171
3.48685534038409
-0.426344686938901
-2.96785613748468
-5.07639171817307
-6.99776280502890
-8.05206066115154
-8.44282463975452
-8.96755723752751
-9.34529805200742
-9.54419036544983
-9.61766061442196
-9.42691786001915
-9.08899146241431
-8.87492678935233
-7.43508930099838
-3.87494682666929
0.336827749772309
5.68900210011781
11.7467883930351
15.2233650076936
15.8167491294659
15.9167480860364
15.3652061147181
13.8997601639858
11.7728164526075
8.07449640001209
3.69103684000090
1.71087744367492
-2.76435443714143
-5.94515209726557
-7.16449481938997
-7.61779440075074
-7.98861878230328
-7.91064880596470
-7.92456673498868
-8.26046426740712
-8.80334763436400
-9.21282535786263
-9.33210077898040
-8.40158520176096
-5.19057606817996
1.56994120540250
10.5221287273330
16.9375479707658
19.1514587643334
19.5157168847963
17.7956926323255
14.9496383380491
12.8388962545137
11.0310927711071
9.33267594204903
7.18182216132662
4.01823982602550
0.694658067540947
-2.34512024644536
-3.91551927653063
-5.38766616362854
-6.43582933050739
-6.92466294241589
-7.40539108202362
-8.13451520626896
-8.46801937930174
-8.82913610371616
-8.96652632083883
-8.80286566527293
-7.68541678127961
-5.96890207631508
-3.25474192173043
2.28083540185148
8.95105430181030
11.0162706061054
13.7157037875998
13.8518598424081
13.1387645161265
12.2245905063968
10.3062272744946
7.14300428874986
4.23739011071308
1.01022533127073
-2.98570344768209
-5.09867944478982
-6.07890778837968
-7.00064037867480
-7.42100779007952
-7.73137321242252
-7.88395214308895
-8.25468124813406
-8.89796117656523
-9.34058855408642
-8.94929099089963
-6.21683966366684
-2.00401243870816
2.01517180540507
7.28823559805345
12.4825983651662
14.3946609287202
14.4822659484310
13.4581342808616
11.3598852159014
9.60369328850177
8.18694011285860
6.17632592991119
3.44471483036164
1.88503756458242
-1.55854279068051
-4.78901416875831
-6.66883622494733
-7.90205674819830
-8.77865540430833
-9.09169842068335
-9.13047336642696
-9.11333829125167
-9.14492902779429
-9.28955585045210
-9.40722137551480
-9.12603199118681
-7.25572642820952
-4.77650561050093
0.494848795749854
7.86831920151699
12.1228801330006
12.9337247697711
12.8140108167888
10.9657166829968
9.17009402324184
7.31954250139954
5.11029617727056
3.49907564561866
3.02581767282470
2.21815142509835
0.242983387809643
-1.55053015832620
-3.54381824181061
-5.94477896756774
-7.44437389973475
-7.84435520271134
-8.22090312396181
-8.66947751200521
-8.83398629524201
-8.91259241019117
-9.12037078105756
-9.49249281389406
-9.61053441764569
-8.88093605426622
-5.99000514438165
0.603306105792825
5.85100351525444
12.0346374227748
14.4991382014263
14.3633790193556
12.8651787783628
10.9060998646724
9.11271626083224
7.05055683545963
5.78979456889581
4.50644168569352
2.86937006727090
0.628123909202711
-2.03051861705092
-3.92860995636997
-5.35330190809611
-6.49010274201287
-7.02671099566278
-7.19123917787361
-7.46366196207515
-7.84642652600699
-8.25415121935582
-8.60618379559604
-8.58285445928455
-7.40691546865648
-6.16050654140907
-3.85375603315621
2.49524828058680
7.14565257030495
10.5455811574396
12.1618353283275
11.9304196415701
11.1297368871629
9.17793316961765
6.72123594691222
5.03564250738521
3.66287976381289
1.90824008417853
-0.115119931097885
-1.42097648137401
-3.90955730917887
-6.30594742412472
-7.62497987371538
-8.70638646527381
-9.64751922998794
-10.1056749111414
-10.2122931326182
-10.3973657267155
-10.6286840731749
-10.6885322306287
-10.6194927412900
-9.18355128120404
-5.57653540452373
0.449494088622653
7.42432096236681
12.6404182036071
14.9123873397798
15.3778599710300
14.6822269609808
12.7909090296490
10.3222815721005
7.63438626452222
5.16317338428229
3.81297816079161
2.08211473560055
-0.596405840337488
-2.95800037175951
-4.16636471331020
-4.96517607512586
-5.73702597602920
-6.42814284515947
-6.71782992017688
-7.52114715751277
-8.43897859184446
-9.11344357787370
-9.35498350513777
-7.96837211288228
-3.67879963988169
-1.06396599564400
3.19975826443814
9.21266613930414
11.7671291969074
13.1057762382802
13.1621661603006
12.3060530161078
11.7256142435918
10.1771288285913
8.15971442639753
6.44268719312889
5.21479313088493
3.20762195329062
0.483865125943341
-1.17511158747486
-3.81667374137208
-5.76730538351128
-6.75705903353054
-7.54975874776113
-8.32775034860726
-8.93375441912443
-9.12057528926906
-9.12851758594095
-8.14107200446781
-6.48821722406819
-3.20851218562996
4.16520232245854
11.3229055823502
12.8483783173573
15.1648980895527
15.3828690862864
14.1415579230919
11.7890644834929
9.46661418130248
7.43591840952517
6.29768724881360
4.44368487132683
1.38903723184236
-1.22607045847441
-4.10791046246696
-5.67974077365739
-6.56386509209595
-6.76168805347537
-7.11753004845756
-7.29413054250739
-7.61228712000215
-8.15090160581135
-8.45895717043263
-8.58174816149481
-8.11343218773761
-5.28739860599159
0.755161288827059
5.85693723947050
10.9136050590257
13.9162538233224
13.9583701284432
13.4684896852322
11.7003095010165
9.99574149523835
8.78229145109390
7.37199490742033
4.65792136281435
1.10155502825887
-0.585964561495517
-4.11535228148819
-6.44613743732288
-7.48347030841950
-7.97761270508160
-8.51221878799255
-8.85160836617761
-8.97692947999648
-9.16430780270181
-9.42560551397706
-9.51163346995789
-9.13995228306298
-7.39757650135349
-5.26314201287256
-2.24185316278945
2.61290018631843
6.76777544914587
9.44506446125105
9.99148663551250
10.6088015883764
10.3480252875627
9.33458147131720
7.42020800429413
5.61354769181677
3.88193665283695
2.14315252583855
0.0268557469155482
-2.61356817982686
-4.77839642164030
-6.53922398932999
-8.14177764549820
-8.86919530539301
-9.01252258064052
-8.99151790933786
-8.93367349651707
-8.97111885112265
-9.21692482105297
-9.31614800139753
-9.06604579617417
-8.07740069824467
-5.05795264200570
1.69829931123417
8.38371224615341
12.4344005307660
13.8548140625597
12.9275052623132
11.3986362043257
8.71065282270620
6.36149780654527
4.30254071405156
3.23709727986729
1.74556848822108
-0.0890233541362472
-1.83569419497858
-4.83386043902232
-6.77192166602883
-7.95591713292283
-8.34089413811438
-8.73025899042707
-8.84277671595892
-9.04054481597655
-9.32071147778981
-9.65248199141804
-9.90409006525426
-9.83402861633868
-9.21078124121823
-5.83391297665626
-1.91296016885073
2.60593901885063
6.24241074529923
9.46590058203337
10.0528855782942
10.2118488965221
9.79708365979131
9.05937816254327
8.60823285570927
6.90680846994548
4.28510951242363
0.970900431092921
-2.31704001657012
-5.08305143306358
-6.64710117094107
-7.71120582311941
-8.62768325570004
-9.25348546001629
-9.56775231204533
-10.0496703701841
-10.4152992341780
-10.4037411912529
-10.0487934130160
-8.38246247752601
-4.69594405007556
-1.51461106959679
3.30304827421207
7.23964974961065
8.86321611015381
9.72020735917810
9.68104697027763
9.23474831676898
8.89322086267424
8.58113737707834
7.88957170210685
6.10807473547509
4.64925271883007
1.53793888527237
-1.25555102223594
-3.87216012531475
-5.08719406258790
-6.91479107300435
-8.07192615759294
-8.57355036875980
-9.11034464633945
-9.63551001152721
-9.70986639979938
-9.16027360926844
-7.34238301748056
-1.98665014259746
5.01664385121861
7.81530107305916
11.7869100601103
12.7842002871193
12.2243116194861
10.9046092247285
8.63626112894919
6.49956071913167
5.67573884392246
4.69554217245358
2.75635879725224
1.25366010454972
0.394022533115290
-2.22946026716641