10.5568709296721
9.53445279805151
7.78035361154062
5.13405916113148
3.55866235703744
-0.203789468894406
-3.98580436698649
-6.25766535302744
-8.17209155194966
-9.49562180861782
-9.49453290076463
-9.24174754341308
-8.83177806025491
-9.13534294791150
-9.70210275576338
-9.99772029536717
-10.0305490164413
-8.76082014766257
-7.13537194270142
-4.37377639902117
0.373981674657408
4.61777889398633
8.58759589877060
12.1719987501945
13.5544586475405
13.4120076648847
11.8444045653389
9.32507399268449
7.21239698622220
4.45787271543791
0.143546193312617
-4.06126939352887
-5.90420358009897
-8.77409670515788
-10.3616607541792
-10.9147002239496
-11.2826386781732
-11.6171645881562
-11.9084006677258
-12.0228406277691
-12.2273803114499
-12.3642233462973
-12.2075043688985
-11.5020001621445
-9.38861502795456
-5.94648601272709
-4.01110427180488
2.23362642170944
9.09968496779563
13.0628058227266
16.0211091924746
17.2584699173311
15.9625748115917
14.6262230104540
11.6781496616135
8.50006510141660
5.68091724914857
2.39100809476505
-1.65458898363999
-4.82838317433133
-5.79232866753435
-6.68314376020413
-6.16672708327792
-5.75401003119337
-5.59916018083140
-6.06653029140497
-7.14425227938077
-7.67919066977464
-8.60278068141500
-8.60975036569567
-7.91960054257152
-6.01802309579085
-1.89118040395740
3.46738770280840
9.05664006505010
13.8073554065892
16.6738658642574
17.1889254708765
16.5994732195357
14.2272492313205
10.9904113124264
9.13581309261784
5.76007154273833
2.76674222960114
0.488953089866538
-2.46993725390654
-5.72578782577161
-7.62600518509736
-8.11566191214074
-8.48910678701328
-8.29240901154310
-7.97323670459922
-7.72465375876852
-7.81256837448719
-8.27363327575039
-8.39421067565279
-7.19976829969344
-3.39799155561006
0.943891917495484
6.34059647794832
13.2394892480451
18.0693114670053
19.4278318699109
19.6721639440059
17.4355853776463
14.7513999590263
11.5902028387700
7.30177525541447
3.49263406709932
1.85261544842659
-1.71757095677852
-4.40824364493217
-5.69158025599719
-6.51786277555275
-6.73351942249988
-6.63768840912743
-6.61067804080709
-6.75351997013569
-7.28233461643203
-7.84160540325634
-8.19675244098435
-7.43956417737892
-5.11491673009597
-3.68797106170164
-0.292531767934307
6.97032604718440
12.9275027241336
17.4772421758920
18.3436023599728
16.6445791557482
14.6925559065904
11.5738612698167
7.89519966027929
5.03363589324993
1.98503059479585
-2.05689268496765
-5.38527488084131
-6.77639573631760
-7.88774183542078
-7.86424607888890
-7.53673029326825
-7.24480182993091
-7.19121760012479
-7.76292306805003
-8.19933417908322
-8.59207123409893
-7.63584721775843
-5.73578495081657
-2.40352132740422
4.24431535472539
11.3223318271883
13.9737124626450
17.6477337964569
18.1353972986183
17.0610236700646
15.1506429402430
11.8629740495432
8.47052051055316
6.54574057272553
2.30297630665799
-1.94694158447871
-4.47052471962617
-6.42720892697073
-7.85815705769017
-8.42984308891607
-8.42728725650389
-8.11711661110472
-7.97179321861747
-8.27991704215026
-8.89516693365372
-9.44489664447889
-8.94649905271417
-8.33696320335046
-6.06956860044485
-2.28980647167633
1.64134712846255
6.22085600722182
11.4455023933547
14.4757583360541
14.8439147101123
14.8245424509265
13.5281099223988
11.9460282253896
10.1135914735163
7.20285007261189
4.28513758984155
2.50471229767844
-0.922839065432016
-4.51591139102052
-6.91647269507683
-8.75973363807617
-10.2257718320503
-10.4109365534247
-10.2010675255589
-9.68379380753183
-9.40126181150018
-9.56104953695615
-9.89856099748826
-10.1436482959905
-9.48191356249201
-8.67286304758078
-5.64882961522715
0.150244418236893
5.76903277710175
11.3481413978575
16.3928186660615
18.1367083963135
17.7920728087212
15.7817077185431
12.8806752732899
10.8312762742166
8.79169483486245
5.62657063359771
2.17733775104349
0.495673838887094
-2.83754698769418
-5.18934659155990
-6.25556896158943
-6.81677785156827
-6.62321539517255
-6.15163787618436
-6.06408574944946
-6.49616221628519
-7.55823826561494
-8.41289384622812
-8.86921485978330
-8.28288147523824
-5.55224993350772
-3.19920528665093
3.53973104021671
10.3196860262274
14.4018152372847
17.4573927574524
18.6989804938410
17.2831153351659
16.2388367216269
14.2095238913493
10.6949004357881
7.48797679218248
2.45250674940392
-2.27569319763959
-6.45035767605435
-8.31052285960160
-10.2476156951580
-10.6959722971652
-10.4257792850900
-10.0246961322259
-9.54950018687254
-9.45813097398186
-9.62965779072965
-10.0753995049413
-10.2985880482478
-9.89347980675952
-8.60640281366786
-5.14005352167542
0.0417312272842274
3.02353284334074
9.59411894819125
14.1258960370046
15.8167294760253
16.4151013670244
15.4792792036061
13.3090668001623
11.9690337674470
8.96357353583001
5.70039631453436
3.15730667155940
0.426582440416287
-2.91029922827083
-4.71603726206955
-4.95748374151644
-4.91418271400419
-4.85354321959291
-5.11240498812955
-5.69314130011058
-6.85499932175504
-7.84479578818614
-7.86983005679531
-5.44690908156434
0.294585624762745
5.66426737541692
11.2285655545914
16.3645641035306
18.5637765908596
18.5438939622379
17.2869381272507
15.1785217617285
12.6206058364937
10.7764537233912
7.73488409729602
3.57961584935901
2.17295424303546
-0.636692385814689
-4.23862741062350
-6.16909827097121
-6.88164926215649
-6.92567261273674
-6.59832632473731
-6.64290914390414
-7.41904132971147
-8.79060845366720
-9.69004839022810
-10.2672614902706
-10.1766807529744
-8.55439027446485
-6.87797431743837
-0.715116825933106
7.28996421834366
12.7939398309880
16.9554904108899
18.9983276371130
18.2692379062970
17.0001271944964
13.5174827979456
9.43535144686696
6.76983274193952
4.04504057842949
0.101750168030463
-3.30580856529206
-4.76764683863578
-6.61709207923680
-7.17097810545339
-7.18314672802584
-7.07862096690236
-6.99542214739033
-7.29829122523892
-7.56303628566930
-8.10555443700351
-7.92128989304990
-6.64154572084057
-3.66476121776857
2.34434089296124
9.17692581252482
12.1975205594314
16.7961507556359
17.8250621800978
16.7762563906759
14.7115884468113
11.3369755329549
8.30895061912283
6.90760321158045
2.61876199085467
-1.73868556090245
-4.21213266622391
-5.30837214430827
-7.48070041413105
-8.26157512014195
-8.30325530149742
-8.00727833705574
-7.85895493531945
-8.14736152980216
-8.66484191203453
-9.20723938619903
-9.04569524753242
-8.53302743345861
-5.80249556330618
-0.802746917659687
3.43328987611515
7.79219127766230
11.9066466644969
13.6285541135538
13.6148680975423
12.1894937703058
9.89905386240761
8.13570107299025
6.46080731985046
4.20128692990781
1.68350271175586
0.239869485186806
-2.74582502557901
-5.69076973777791
-7.49187584688733
-8.80721302429065
-9.40485503293614
-9.21012669933999
-9.10410699663183
-9.22326843207139
-9.77832875158517
-10.2232230919936
-10.6403319279894
-10.8637390158222
-9.83467029160239
-8.40504218499040
-2.78674164999451
4.64049401897448
9.72204249682453
13.7755446709394
15.9369942777042
15.6484217349584
14.9016071486999
13.7835968642909
11.6617121443956
8.61802549197872
7.19113061041478
5.33695702727736
1.41319598220292
-1.55480198134523
-3.47516304471861
-6.06560461745021
-8.15253738244698
-8.46224229865276
-8.68860655694484
-8.57575748893805
-8.04930332945586
-7.76865123563484
-7.86295662345600
-7.88195053427301
-7.48635487463314
-5.99453434328869
-3.11150301772822
0.719088046759790
5.27819456767796
10.9699319931104
14.1870089453853
14.7290168706181
14.1904855379511
11.9083991882687
9.71596115081754
7.33651477190687
3.90240149086901
0.161014858386234
-1.66880293883671
-5.52648747676408
-8.52906926686337
-10.0047323685464
-10.9070459639648
-11.1091080253722
-10.6346111514330
-10.2963053039234
-9.84993030038795
-9.83195950808572
-10.0067047372329
-9.58442329995131
-6.51066506927569
-1.39021427455677
1.24681218273703
7.74430582497141
12.6206591762811
14.4009461196122
14.7530260141449
13.2957676858980
10.9795367224546
9.71854357120615
7.00029644381211
3.68724457606132
0.855200214629322
-2.21838851236864
-5.54884943101527
-7.74017298311221
-8.28008857215968
-8.64967187260058
-8.33363993312773
-8.19221804757392
-8.27310590854511
-8.61404910855296
-8.81871775144822
-8.67344823211622
-7.84593690919405
-4.73372634297913
-0.614677086453261
6.03728531697361
11.1317347394261
13.9952978054604
14.2271790647709
12.5237609204651
9.88513886144637
7.86170187249854
5.95169101387710
3.64206553767385
1.21386283248233
-0.0902997589909880
-2.99761021783303
-5.55418093182986
-7.24633181256120
-8.67398191545488
-9.73740733397498
-9.96048098699186
-9.89536203296439
-9.85581471778431
-10.1595702195371
-10.5604193855936
-10.9902164650322
-11.1787850976030
-10.3251188221443
-9.36419556004279
-5.73487453812937
-0.497348611221248
3.79822826211687
8.34506678149148
12.4849305632437
14.0223407204455
13.8444447303960
12.6195560733813
10.8834793478652
8.96788970823754
6.92302103132219
3.54416882988313
-0.437551814300907
-2.37831687992113
-5.96917930944691