15.6441518851623
13.3846416747565
10.7541973669450
8.69936764342107
6.21392276002969
3.32815057388506
0.503619928020588
-3.42534569635417
-6.35010872511821
-8.37677537542556
-9.43845757889557
-10.2901932852253
-10.6187121541938
-10.5601654230048
-10.2622750055316
-9.84997203841430
-9.64849381539803
-9.62386597368456
-9.60572270065368
-9.37574053941029
-8.75391135012412
-5.57491299636351
1.37279205029663
9.64676483436809
15.2190352664011
18.9168562571775
18.4864381872542
17.0638494300129
13.9915294575202
10.4370580877682
8.16144516294700
6.44662419807198
3.03640123676979
-0.996306378232362
-3.42222081275484
-5.37111928361134
-6.70448678832974
-7.11278027114411
-7.27153618436711
-7.70240414358804
-8.35689431088129
-8.63554617513537
-8.51129421052424
-8.05599159047447
-7.61427610040276
-7.04881030253227
-5.29672209229788
-2.01200232683490
1.20562076672532
5.40516424124390
9.30568539361138
11.8861558546450
12.9496101182940
13.1091394258322
11.9776849823655
10.9020038940653
9.41870460450030
7.59936386460821
5.49085111437400
3.70971162059560
0.599991136746338
-2.80212064843628
-4.93530456244558
-6.12461297325124
-7.09911145258091
-7.61392682661353
-7.96701706717760
-8.36941679029281
-8.66589746730320
-8.83314964031655
-8.78345923653080
-8.22068755560009
-6.90583712883679
-5.52327512483602
-1.72032348075368
5.13488791055568
11.9647293968516
15.7351376919140
17.5224899464750
16.5485464720005
15.4869726511221
13.8734835359208
11.6152542437119
9.94341355283130
8.17435343075324
5.65394045898616
3.22762348976601
0.203164435063179
-1.40045033565086
-5.00476798889741
-6.10856982733541
-6.63084867582315
-7.13658737742409
-7.55664031609288
-7.79303407386280
-7.92680551151351
-8.00873195744806
-7.97156352262455
-7.68591868423642
-6.55664157707655
-2.83450493881126
3.07311582352719
8.18527446290410
14.5621995813495
17.8981900588227
18.0985486137680
17.5725144562802
15.5472987374671
12.7151969136421
11.0435235957920
8.93264231208472
6.96507424029038
5.20813454935916
1.75631769068588
-0.923379135514548
-2.25196138176422
-3.50761657078247
-4.64396949002313
-5.41255508603044
-5.84338135766853
-6.90367220634636
-7.32745525322207
-7.25044055747259
-6.81622302319884
-4.99687223858484
-0.848694256416604
2.45158466828223
6.48007363127542
12.2135552132318
14.6508894875036
14.9941461714913
14.2106402382715
12.4791108293455
11.1249006671858
9.06841051303690
6.82384572007656
4.01182152653389
1.44121955621915
-2.45749750567965
-4.79861536812551
-5.59812019414333
-5.99017210011853
-6.44188036643006
-6.61221379113753
-6.69030076456614
-6.80637964644322
-7.12325509566247
-7.22308660310248
-6.96974019580481
-5.68461337157100
-1.91134749166430
2.14738850469001
11.1027024158923
16.5186049267783
17.6764617296744
17.0177717135022
15.3070288882666
12.7735720131129
10.5487498632634
8.33201677405654
6.39996282952609
2.74773882389497
0.495713271917381
-3.00596887689432
-5.83131564898945
-7.30060288980606
-7.79230653711521
-8.24340281155136
-8.46728056209967
-8.53905495756166
-8.47343098071093
-8.44940233826476
-8.60021193967241
-8.70188622883439
-8.49018569493122
-6.73651629164130
-4.12937876534076
-0.452889910446769
6.78069209021486
11.9070099708746
13.9302177856476
14.7483524603264
13.8254764008624
12.7062314931393
10.3332612292045
7.72457539115555
5.59382503814015
3.81856500839296
-0.262809957584744
-4.07383212131499
-5.77456872664840
-7.16014724588037
-8.46331085674343
-8.80512900318183
-8.80520112093789
-8.81846050807371
-8.88462111212249
-8.95757746509168
-8.98877827201811
-8.77633752695313
-7.96540091180472
-6.26268688173897
-1.41298459857370
3.02154153326189
8.19840080155941
11.6772801340896
13.7492476291141
13.2818502301609
11.9612639150017
10.0986630447815
8.83610443370188
8.05112899492303
7.05607607716354
5.24359383584910
2.33833143005176
0.375239421790183
-2.67383625168018
-5.02944064250235
-6.16588694857829
-6.54747816267417
-6.73069868594090
-6.77845953484868
-6.83324918092190
-7.05550755846103
-7.56796618268516
-8.07999066901765
-8.29145339574301
-8.18909416050196
-7.50168150696321
-6.47431808341943
-4.33852496761742
-1.11166952491091
4.57516543328393
9.09810937331499
12.9375073322355
13.4406253444962
12.9477257347987
11.4036065576909
9.05068118175603
7.21452866535079
6.13029406087870
2.95637792338636
-0.558353486290198
-2.56757832148744
-4.94406478652910
-6.59704412052044
-7.30766142793235
-7.56989846138505
-7.81993371621016
-8.06576833163971
-8.21056303155929
-8.42705535482913
-8.94026878180224
-8.77581696489277
-6.87978817765265
-3.21127449573938
1.75488161335385
5.71912432514026
10.4276553911322
14.0014500847017
14.1926360487381
12.7038744827104
10.1546068896554
7.43995130741696
5.29541878172166
4.12973178494393
2.48766803294889
0.441595358758866
-1.20283629813405
-3.97491869802086
-6.63230855109622
-8.27910948328117
-9.19216961276950
-10.0020862840012
-10.3289503766805
-10.4113759281577
-10.4099448259738
-10.3427053502740
-10.4256651247218
-10.4652012250465
-10.2421607944146
-8.99184531418585
-7.19891322593105
-1.22442272760889
6.48581573712566
10.1792480309543
12.9907386373038
14.8000963279388
13.6476175356991
12.4255522126602
10.4627711969574
9.25035043004616
7.90930620704475
6.39853719938213
2.80348431016057
-1.20921502219012
-3.27438580422110
-5.74908723035866
-7.28680913893779
-7.82517536131220
-7.97694132995710
-8.12764845366559
-8.19114708652778
-8.25265476559700
-8.48437090090817
-8.99399976310104
-9.25020050486941
-8.98470396944773
-5.32835545877004
3.38524328417903
10.6139700509237
15.3127160761307
17.8952821063997
17.2901327026042
15.8335773291587
13.2528775293986
10.8176297830469
9.49262584154254
7.28400815255517
5.88784543142466
3.69567597272580
1.35621607581947
-1.43923687623404
-3.43473659599227
-5.20152278384389
-5.96331154475519
-7.12586265169060
-7.69703470680410
-7.90677800584862
-8.24622090082003
-8.68117722311051
-8.76965345611967
-8.46236271572306
-7.45056932475325
-5.70899477431458
-3.77427654408087
1.29783821457035
8.68058840457655
13.0972774907011
14.4702097248343
14.2834766114793
12.8691803220137
11.8743383718713
10.2850726893351
9.08408241550577
7.97066341226622
6.49227260582734
2.83249192369493
-1.35908352066355
-3.54541866799120
-5.79622170314901
-6.89835292098366
-7.15629950414455
-7.24481789954274
-7.26548129447159
-7.37307850233917
-7.56982741747026
-8.01109860334648
-8.18389111963713
-7.56781102307863
-6.80498593855111
-4.61427122289272
1.03671120529067
5.91018262511122
12.3556022325178
14.4960022434933
14.4506688012195
13.8439574147202
12.0604073793434
9.53555414122436
7.49037242924780
5.63523094354212
2.10254522523202
-1.67879134895744
-3.74368162631088
-5.62506418288056
-6.84674539811039
-7.33716765313571
-7.49534496470714
-7.67711664742960
-8.10210623071709
-8.48838942478300
-9.03767548084987
-9.68653494558286
-9.84634808380369
-9.42080856491659
-7.67659232701615
-0.985643901848933
6.94276240659267
11.7501694941288
15.4070128740598
15.6033026868215
14.8494470153736
12.7567782561115
10.3090028835512
8.43208140598571
7.12217943620337
4.79123754688850
1.53023201348693
-0.770956639563397
-3.90004789198165
-6.49048180304480
-7.77680388321195
-8.29416012870599
-8.62550265780570
-8.59778134026098
-8.49954775171940
-8.30339472189262
-8.22080674223521
-8.39825298901284
-8.33167257511732
-6.90934593221871
-4.67626215316190
-1.57548680318154
4.57946087917271
11.3798192693993
14.9962826570270
15.8594843484728
16.2203166831771
14.7455472808943
12.4911907808199
9.34910738267803
7.04930828205038
5.64690835456564
4.66443489278390
2.73741022064255
-0.143490993680596
-2.34453409939961
-4.57165975414238
-6.68388987160162
-7.79861128374984
-8.27005195373230
-8.53702888672154
-8.59453617647682
-8.64009623235727
-8.77619043353560
-9.13311602017082
-9.58026112966337
-9.75443768807764
-9.09985854708488
-7.19540477887702
-4.37949214420422
-0.778303847069467
5.94429616943265
11.2803714334856
13.7457662472059
14.4069560085388
12.9658555024888
11.6233023519314
9.59355766940202
7.25539958472360
5.54163455210539
4.15108635034660
1.36446985801980
-1.70541797530738
-3.20475214975103
-5.27602796988854
-6.75772150352316
-7.47680253619854
-7.69840694884477
-7.74894268286031
-7.84845758407512
-7.99757037878934
-8.32890971661074
-8.29639745633688
-7.36411027989626
-6.28090779524589
-3.59084516504042
2.88628507613497
6.88028953007466
10.4195106133582
12.7783012648215
13.2820403744927
10.8775242054220
8.91359002882630
5.94034814201659
3.63449363890378
2.38422441510878
2.25129943834364
1.90110747968487
0.511995150668864
-1.78930062748056
-4.18693470727746
-5.62557767700348
-7.33476257314591
-8.57519311851620
-9.79949847620358
-10.4263245640998
-11.0062427786193
-11.4329714172178
-11.3092824432452
-10.5204355328700
-7.23275579857917
-1.33297686411374
4.05988933608760
6.54411496283550
8.83458641207329
9.35232796738702
8.45497073221927
6.55758741556369