20.2497430555397
17.7885253393936
13.4372604677054
8.07830854055767
4.31853140186701
0.116898563684139
-2.72902737519152
-4.52076454468174
-5.47698693313930
-6.16561126050693
-6.79357696047525
-7.29129585349040
-7.86668760027279
-8.16436865473053
-8.61826875034037
-9.40597769939207
-10.2976719227167
-10.8622278777591
-10.6692685770864
-8.97929324216603
-5.25403632046406
1.11896998869043
8.63631308045495
15.3466553068617
20.2463316289047
22.2908369050551
22.6110032523219
20.0541541532373
15.5594564946480
10.5605988629941
6.61651826312768
2.95753364000402
0.0162826907230553
-3.45408191098663
-4.76954529723402
-5.76047578272649
-6.29340895107513
-7.10759663187686
-7.32305245921757
-7.34400852476648
-7.07020179504418
-6.47251677892450
-6.31394445205277
-6.46701209496715
-6.78750161437541
-5.87562846778603
-3.52941315426783
0.106997831670578
5.76217225063852
11.0619974756093
13.5206220440028
17.1082334365711
18.8954347177462
18.8950319037504
17.8474917662615
14.6263013619763
10.4230606462022
8.19951243799537
3.79769746998861
-0.801128738313172
-3.78051612921551
-6.24855367413170
-7.88180904096998
-8.12670711899023
-7.96719476578728
-7.40401930722157
-6.80764719056183
-6.44664037527125
-6.29336395793415
-6.51093294667139
-6.95304560394419
-6.97830488313293
-5.43342276860041
-1.31297586958853
2.44380058297650
4.38792407545058
11.0818350400237
16.4453476586077
18.7784245972183
20.2219581100357
19.5726420612308
17.4804292239734
14.6786184059702
10.6321827468746
6.94317809732099
5.04903384749126
1.31231934656432
-1.45774728150729
-2.72732698675036
-3.58698505778019
-4.30691595498101
-4.79759734404611
-4.92341525035191
-4.92205807309115
-4.90116249321118
-5.16827268224751
-5.60647346611895
-5.77800406749295
-4.77904967057761
-3.75151721223988
0.852942424436524
8.03745903555815
13.8804308384343
19.5144295886051
23.8823541469153
24.9841618438906
24.4797327907266
21.1139215578322
15.9345597640517
12.0052763872539
7.91773433388974
3.02211948995845
-1.14654127152825
-2.51066252532554
-3.93017242812714
-3.99973855441684
-3.94567119247501
-3.89654400703559
-3.64914695767183
-3.30733846715346
-3.20123084149824
-3.32478525300715
-3.69145990796884
-3.04008118735264
-0.819144878764842
4.99314787246278
12.6014752207201
16.0465867945195
22.0199935097610
23.8819518984372
23.0932437418587
20.7279406472607
16.6227711948065
12.3504979600569
8.05475338665380
3.06522946844721
-1.88616772840842
-4.77082052455141
-6.54444270944843
-7.20482448865680
-6.51028677804654
-5.96034900211391
-5.37310290232758
-4.14603426178989
-3.30693647138782
-2.76684043970390
-2.84022182493464
-3.36147628928355
-3.14690680184154
-1.97948042037068
2.96237722584505
8.02888273780595
11.4954266331283
16.2618065315789
19.5937189083627
20.0786258099852
18.8625023765841
15.5908453464892
12.7091819675246
9.65483533300713
5.31878371651359
0.727442762243321
-1.12803133556988
-3.08820463717506
-5.33136704422603
-6.24544204650496
-6.60014576340214
-6.64588064393809
-5.98821336307290
-5.70719045427032
-5.50278686852625
-5.92062348288593
-6.56645216668044
-6.96480090707885
-5.96887088908134
-2.57625868658114
0.0639660530091062
7.80527361552953
14.9262611790915
18.3695581205066
20.1277322010931
19.6873064116197
17.3060599197967
16.0753411171797
13.6662462241496
9.49407525272020
5.87111182583377
0.621074190783985
-3.80983015270765
-6.64456643233146
-7.51595632742589
-8.46429520727114
-8.92014181514612
-9.09920313149579
-9.04650598839453
-8.51019864461846
-7.86056862340982
-7.63756144946941
-7.69655970837271
-7.74200516809443
-6.53161185004029
-3.71828689950506
2.16785079279476
8.61226915336935
11.2692435826124
15.6337035269178
17.7198045285214
18.1637870302969
17.6614684266591
15.1696466955138
11.5219675290444
9.63947604252428
5.79301770468444
1.74624726557451
-1.32288550191335
-4.42333691580727
-7.44627374516597
-9.23357026656178
-9.64782826008461
-10.0736675638648
-10.0884810978075
-9.98183768154904
-9.68834018057957
-9.06832356432231
-8.44220734203465
-8.18006415905236
-7.69809179900032
-7.46374587637590
-6.83682416998284
-4.64794241578555
1.78731364252783
9.87129599458839
13.1953588964107
18.9382744970082
21.3978092598689
21.6221041658810
20.4769169875899
16.4720810616129
10.9878724573427
8.93402429640497
3.30440923334490
-0.919147884189428
-4.03986135093906
-7.46322327773131
-8.63969465868072
-8.79935663905429
-8.84181884501072
-8.95791490444496
-9.25330223453242
-9.45360344965325
-9.50079149655771
-9.13274825270085
-8.55348079603369
-8.31436471111896
-6.59676311953017
-1.96974061390285
2.70277767871754
6.00235224510973
10.9132911692163
15.3397955398082
16.5857388674322
17.7626473146853
16.9140948744786
15.0034506663314
13.2327605754717
9.97867862630069
5.58116714673089
3.48250723921599
-1.48704452815743
-5.50467587979738
-7.50707916321947
-8.84285337103030
-9.55349997969497
-9.67655158799906
-9.62890660653180
-9.45047413220780
-8.84252632700217
-8.45355017583696
-8.40317547194686
-8.82572077378345
-8.57041885010512
-7.83803860315336
-3.20652145412135
4.77931541629919
10.7936946827034
15.5909738028336
18.7094132849634
19.5625607268380
19.1598487600193
16.5471200345346
12.2702072603328
8.82014930581780
5.30656055882643
1.22234201257146
-2.42716364740351
-3.59523735364968
-5.34175626029207
-7.08346699205045
-8.08270172768328
-9.05671272370879
-9.44271075898215
-9.14174108368388
-8.68222446318616
-8.16897911636725
-8.31080108021361
-8.86711615562163
-8.97143957462590
-6.07560722253966
1.15633588243565
5.46008021273823
13.1189194599309
17.0923678782325
18.3111432918887
18.8686922356891
18.3964778922786
16.2204109542852
14.5776575237382
10.4946615193605
6.68259251244549
3.87613500340554
0.694181782750880
-3.16682810042782
-5.50872185323364
-6.01592599255093
-6.66400714914128
-7.01699398421703
-7.07259782067028
-6.91025517836645
-6.50556803606532
-6.08391898667330
-5.93253479423050
-6.02609233637117
-6.44326218476551
-5.85833606432804
-3.50174881089362
2.55971479384325
9.78676257346804
12.9930796287943
18.3333941894799
21.0271237203252
21.3432143794923
20.2415306457083
16.5643761908426
11.6877325937984
9.46896534946575
4.77529642203106
0.528136493811693
-2.25266361602499
-3.86433683355240
-5.67920914728383
-6.59870019022125
-6.62816891054605
-6.53015561479793
-6.09578390887352
-5.63370508915191
-5.32986108987740
-5.25436265319529
-5.75133089355616
-6.27976177370771
-6.77114564250485
-4.18866773287971
0.677888098575616
4.70088021513042
11.0749406005089
17.7153897009235
20.0904220153015
21.8410967629891
20.6244628488276
18.0791768390577
14.6749463118481
9.68641546586308
5.60679788410479
3.81162210807026
0.0248021638462879
-2.45304611311018
-3.42795610651927
-4.18223200799812
-5.05007806655327
-5.86624396206332
-6.13741652027260
-6.40710763390905
-6.74994052317584
-7.34128826401937
-8.17416251208356
-8.51266611609020
-6.12385842870289
-4.05160500990897
2.82313344745036
9.89309434526058
14.0173811927015
16.8743785869013
18.7413959776609
18.6382679942023
17.7438085869577
14.5801614017987
10.2431589915328
7.07291175275230
4.02158114902402
-0.0323753749327124
-3.94470645513775
-5.43003310496070
-7.58437030040836
-8.57985011786093
-9.00324583359554
-9.19844507449418
-9.37809585315790
-9.03226670667694
-8.39086425873744
-7.97438348577557
-8.09290656767752
-8.55498432558827
-8.54772389903594
-5.10882041686691
2.30103028416428
6.10475722798297
12.6260700151237
16.0390743908626
17.2787175562115
17.6316001161292
16.3600090965136
13.8850665213725
12.4284222072498
8.79090281943286
5.41534046456214
3.47797125208802
1.39501804743201
-1.98125545198376
-5.22787689704974
-6.45136343396153
-8.39989967794021
-9.28799232508538
-9.54142234933237
-9.65936984207735
-9.62686482953514
-9.46777665166145
-9.40059702240076
-9.57436765734437
-10.2278006117005
-10.6186862736074
-10.1614004543581
-6.02892812775141
1.62962346474927
5.11887107188371
11.8625363385594
15.2002735367479
16.3711811537782
16.8577177919838
16.0586203491714
13.8394908093078
12.3375725896264
8.40958592982628
4.91667729581481
3.24360858828273
1.70442386042304
-0.188701242537510
-3.43639572169988
-5.22925539232260
-6.11757962084167
-7.12719792801379
-8.07981983610714
-8.39156435558850
-8.82452999891187
-9.12844833919352
-8.90773803935512
-8.57894963813858
-8.17293671219896
-6.67989371957114
-4.63808014139843
2.74503271899869
10.7677712237502
14.9628000699889
17.5911569838422
18.5673516038141
17.2791199019525
15.9802499004523
11.6267615371579
6.67480353592779
3.29135806505097
0.232807456237639
-3.02506865079461
-5.63302282536239
-6.77856906329921
-9.05301666009597
-10.6779084842337
-11.4585440537713
-12.1274899438104
-12.8958648982428
-13.4626029638041
-13.6236088493281
-13.7952915299045
-13.7856322941410
-13.0164021709539
-10.5298132286843
-4.63607100753927
1.46986554279910
3.88487865415231
8.14478399592841
10.6508742476274
11.5116718019177
11.6384209091887