13.2288003925240
11.0798417379214
8.59909207023724
6.68320279587824
5.59315011824090
4.59125674713939
3.55821315516729
1.40732100168087
-1.50609620860586
-4.10479585970114
-5.83642571702953
-6.70989974782622
-7.22878737191450
-7.29630897379746
-7.25853897064295
-7.21896369700155
-7.10083271518761
-7.12444167784006
-7.43932169686511
-7.73772770148649
-7.64145821522439
-6.65849179460791
-5.62220825974047
-1.60994230433533
4.33718855942367
9.22726990425861
13.5381350010345
16.5089504682905
16.4352384355845
15.2501018667287
12.5976645585186
9.71279863131192
7.95217345899784
6.53937837820082
5.20586371783962
3.56337432683743
2.47195128463844
-0.0829111848252762
-2.70908790523254
-4.39629680655799
-6.11471074249585
-7.33625738197370
-7.77522646332495
-7.84734666091600
-7.87864368633033
-7.84161090815693
-7.92422240312435
-8.12861567987353
-8.38184139952766
-8.17417835852044
-7.75615711127585
-6.13854482511592
-1.24080907585944
4.40553018284855
11.1894170482681
14.6840234764713
15.4415291694456
14.6023804115175
12.6365046732896
10.3165841185053
8.52697722297260
5.32456655651662
3.85655283326931
3.15901210873765
2.88322010587773
2.35825778179725
0.808126298406676
-1.05170028120653
-2.94885958016213
-5.14285391150092
-6.60420919386002
-7.00431705992682
-7.44851473412944
-7.63335018838734
-7.67614600865704
-7.78954576865778
-8.11570868261346
-8.45998159247015
-8.52700588455718
-8.07203930882463
-5.78082620450918
-1.33247600030870
1.20311162262569
7.19115345608678
12.3838655670091
14.8911484982734
15.8600955844616
14.7053060111706
12.1192701524289
9.56084989887228
8.01123091512575
5.76273961640798
4.46695893830339
3.30125623078130
1.56120440086215
-0.915137088585379
-2.24107234937076
-4.58301879581494
-5.72274150944728
-5.97626934017377
-6.00158595425879
-6.11530716547097
-6.69574498439345
-7.06821739010992
-7.46055988136182
-7.43164955481168
-7.29919351676732
-7.21625612669051
-6.90534784992458
-5.32065612226632
-2.95313436422370
1.15714047758697
8.67422354929278
15.2517957509931
17.6634416572236
18.0606074459797
15.5329901335962
12.7731460282568
10.1536369298409
6.74633659633516
4.28915686560890
3.49910541238232
2.42026776515567
1.16837258038338
-0.484824209068053
-2.38628706928395
-4.12833176437969
-4.77697749959599
-4.81111815053836
-4.86101690416459
-5.38563393690871
-5.98169336721276
-6.69009919447024
-7.83538878346977
-8.48417075654531
-8.45621517897434
-7.48018502357325
-5.86055029935470
-4.27193869896726
-0.627342332115047
6.36451371985828
12.4787380725398
14.4033281295370
15.2119782224596
13.5861348018183
11.7073700787817
10.2777643409716
7.99332995767287
5.29154322914134
4.27153322684408
2.10944602691887
-0.245333192558942
-2.30355418356587
-4.57201892037684
-6.69676610714079
-7.65546261269042
-7.72075029649917
-7.30052960997110
-6.76533413229185
-6.71996197467905
-7.00183794901525
-7.75439555057687
-8.44938719982120
-8.46326882147226
-8.00786007719891
-4.83196728047815
0.301412925926613
9.55414501360838
16.4046113409972
18.6179480949972
18.8170417941054
17.6322933275009
13.9803488261623
9.43772170103764
6.71586598995380
4.79863694594329
3.40812747982640
2.30646646170432
0.994042248106750
0.225600828224730
-1.00985356554207
-1.80396113317088
-3.96161266837145
-6.16908186876052
-7.62167728588052
-8.75934548017154
-9.30552544350126
-9.16253875419049
-9.05383759929629
-8.91762232017825
-8.92973625099671
-8.98803490484997
-8.80056355731716
-8.26647890648991
-6.42740588370389
-4.20627489514389
-0.198336482828034
6.50413243915099
10.0040658653037
11.3238857512747
11.9320399520413
10.8740853897134
8.65892597091472
7.25635460997623
5.81589262241943
5.13122891099316
4.70633180722673
3.74147119047755
1.12129337053329
-2.24476641015771
-3.71537011729850
-6.37056599147387
-7.90771629456587
-8.34846201700740
-8.46504113499915
-8.30583500008531
-8.13179081981862
-8.13679755561484
-8.25324099862220
-8.55696807814530
-8.30264126868217
-7.12528839908258
-2.21785851570296
5.55626713297640
13.2641072292505
17.8561212117578
18.5827729386676
17.1485092562376
14.1466172908749
11.2560128671854
7.83889616104788
6.47865742229736
4.34632286079164
3.74066805532029
3.89930495675777
3.81616561133994
2.78382240075463
0.567062985977066
-0.581834814477535
-2.39288780683356
-3.82885447143728
-4.57097878475678
-5.20467762665119
-6.05753295122323
-7.08549519827561
-7.44642971076764
-7.75273828634921
-7.15470433687481
-5.75493732219025
-3.09411407845751
3.28927453094978
10.2804733906930
12.7434847835452
15.8286667419155
15.0945407304626
13.4744386889294
12.1794866142456
9.92378511470634
7.09882404977102
5.99641186520690
4.98005515069533
3.80011433092699
3.19706864968386
2.27990411555436
0.729694160584453
-1.25030707810557
-2.48229611162003
-5.26358175830316
-7.33745378318904
-8.29402582549506
-8.96335366802768
-9.16764079874148
-9.18830443059149
-9.17685773822148
-9.05837124924435
-8.43470181179727
-7.48032672972307
-6.02782081749178
-2.08564291059014
4.07328366893511
7.87239187326626
12.7060730816003
14.6165872195229
14.1884573408659
12.8787094141921
11.4475248238519
8.34553300015593
7.07193822285310
5.30047044837496
4.04976050314825
3.38911281863507
2.87467962631619
1.47185469123852
-1.14182834552320
-2.55073746466195
-4.51029876922556
-5.35320967243103
-6.28968983277050
-7.06515609219875
-7.54081045246776
-8.00004109053131
-8.41334453827994
-8.82647332423769
-9.03212000391132
-8.30633717707341
-6.33352318121315
-1.15913070985038
6.11306285541485
9.72031167642997
14.3426369788773
15.6073621848645
14.9842089648186
13.2850275541335
9.96583710928637
6.74899297370026
5.65454547686130
4.39532888666035
3.30281713962086
3.04172897569678
2.64836249493701
1.13678046255419
-0.560533218742482
-1.72435031775348
-2.91693426892625
-4.18423448628927
-5.78773380057879
-6.36684250391402
-7.40680945949823
-8.34450537738551
-9.06258244646978
-9.60269848124089
-9.33588352511771
-8.62349718927009
-5.49533058145793
0.270518508432634
6.71059282184817
10.6746655363862
12.9884140347335
14.2269741216262
13.5062157869462
12.3748704265268
10.0497558011101
7.52711547277265
6.12942151378274
5.14525442010184
4.51135147342254
4.09350833521956
3.66370846034423
2.57238153361370
-0.211277620175594
-2.24248472825930
-3.53206620308691
-5.28772211869285
-6.19925267686265
-6.93316032075597
-8.02709189091859
-8.80562549763707
-9.31917822217122
-9.77017672274723
-9.41498328754903
-8.73325947851408
-7.54083934562103
-5.01664752267174
1.46683252366531
6.42635762903611
11.0555726907666
14.2152578485709
14.2830008826952
13.4076533986705
10.5344573887679
7.49884807801156
5.64468502686591
4.20668414053015
3.35221593343741
3.03084638544626
2.90261485598584
1.74944922611306
-0.740993089281237
-2.82491510436586
-4.87693553638696
-6.50178843686949
-7.38190193833569
-7.98001223259223
-8.42756007053515
-8.93364863269204
-9.38198944625699
-9.61020057814629
-9.36437946955838
-8.65436337859022
-7.72316655573295
-5.41816709980370
-1.40572656647484
4.68455925677373
10.3849134167028
15.4126529257976
16.8498167604956
15.9603130476172
13.0720238508281
9.57998603098636
6.59664782277905
5.25948255025295
3.89565676192079
3.07385016490385
2.57326290019379
1.69844124292029
-0.595328238427488
-3.21734815945842
-4.27452110736673
-6.37638997754477
-7.75945727148936
-8.31376749306664
-8.58562795503539
-8.72575774730082
-8.80002824896364
-8.86774196061345
-8.87921642435908
-8.45736849257506
-7.33259250596227
-4.77067694717902
-0.169614956485890
5.77324691491992
9.35765849502847
14.2618800025621
15.2334750741472
14.5560451198681
12.6915021048627
9.19911502284208
6.43467376030478
5.53029110791869
4.50505277878208
4.56460203661426
4.80262551199797
4.55455289207084
2.62215374916544
-0.00181684132387437
-0.935155413318577
-2.46891732271330
-4.66500818818616
-6.12319195775258
-7.03223477123181
-7.63192190660459
-8.34644725862652
-8.76398312771297
-9.18891365195779
-9.43379029316068
-9.18396275335130
-8.33197793922166
-5.84180977580820
-3.52967717400211
1.08549283007946
5.26574354727668
10.8044824729905
13.5641233053793
13.5010984815762
11.3232188676881
8.50169761236185
6.68431885975224
5.20575181228064
3.83140410058556
3.06451555166669
2.64844551387363
1.08760981139070
-1.36515906810108
-3.09663401530707
-4.75998583024996
-6.53645864792073
-7.67136236730256
-7.99311734442019
-8.43958992598106
-8.84256863833426
-9.14172147303231
-9.23237845281521
-8.79133541638393
-7.87084907211260
-7.23964833426423
-4.24269056270172
1.11498043057447
5.62456682759720
10.0651206056450
12.0024249793481
13.1555707289319
13.1812805453250
12.1340133462445
9.26670019275878
6.04390196579112
4.48223103491934
2.43248603686527
1.44445807803044
1.35140906417888
1.05732629644530
-0.454386335729821
-2.61926965925474
-3.52819216124417
-4.86591413748807
-6.79786357931225
-8.00129521345357
-8.75801539385632
-9.26488790981488
-9.60332566621612
-9.83079772515386