18.2712350796749
17.1691149677093
15.1527321643380
12.5473404847388
10.8306242658870
8.01036795963464
5.78791376708772
3.85781380997156
1.53613668999987
-1.87835036711385
-4.75668086327587
-5.73688806294764
-7.21640389693236
-7.66069984049753
-7.53327434138772
-7.29294244943573
-7.14883792819822
-7.19704621238625
-7.26157840602601
-7.24883129810465
-6.54812616387812
-4.70207524519105
-1.02059395592994
4.41487921789229
8.87351783866639
10.7319588192199
14.5116635595622
16.8554638576573
17.6018454799064
17.5484603982943
16.1522789249574
13.8688993895986
12.8807137868286
9.91431235700519
7.34208466983415
4.86463788476362
1.59229382822647
-1.54128279812297
-4.55128749954819
-6.79905866778925
-7.89409692668920
-7.88634025927049
-7.42861725133341
-6.77341456302732
-6.79214237107730
-7.21958444074737
-7.79398967977193
-8.09285726763942
-8.43950727708835
-8.25980131541864
-7.46135383392571
-4.71000156413639
0.329918129455063
2.65199422565498
5.37756846465695
10.4108792549011
13.4696469899543
15.5981744705143
16.2822565069382
15.0833363431504
14.0581268543958
12.1378361381827
10.1780183814980
8.49903192940489
7.44031216119349
6.24022163270422
4.55176646376799
3.30832073629804
0.00835034891426383
-2.92245370643518
-4.42865116565555
-5.51255960218812
-6.30677928297235
-6.90044921691504
-7.21905750915269
-8.01317732880802
-8.59832300241307
-8.77244328047726
-8.72085624022129
-8.04749744458232
-5.21153637857754
-3.02146713397983
3.02264262336031
8.48082697307879
11.9622888407477
14.6841323594014
16.3394031118663
16.8236829673706
16.6996745622099
16.2148622404082
14.6668760606381
12.6652056346080
9.23891116990896
6.45211246311301
5.09491336597262
4.28360167524590
2.25490021643429
-0.604650442178734
-2.13628531015765
-3.04775980730400
-3.64850968396355
-4.22090649565365
-4.68572544558423
-6.09096357748657
-7.29005903270484
-7.67817509940549
-7.79169591808330
-7.99526303015657
-7.66632397650734
-6.25077103011400
0.223290352933230
6.59679479805842
9.77532492809726
12.2302331943235
14.9610604522548
16.6306341406281
16.8732837314079
16.5272262517531
15.4343140101708
14.3000328540304
12.5135380684510
9.29892311870036
6.57063896490644
5.44980195854146
2.80148020139492
0.0719295180384147
-1.43839010664916
-2.48001769589193
-2.98111516209078
-3.36533047925809
-3.75277521552870
-5.31122801489454
-7.12399139657045
-8.20640012680374
-9.05326080146203
-9.40374182239036
-8.70932732766430
-7.44422680541842
-1.32668757842111
5.29694493235182
9.18551930072106
12.1978937756662
14.9008717718046
16.3019506033416
16.3964745623221
15.3830702410862
13.1634237472956
10.8476255975047
6.83893474157025
3.92988398492607
1.16644871391269
-0.637947790121526
-2.61654206241127
-4.32748016484491
-5.71752288033233
-6.82484094878525
-6.99925991779146
-6.44303795886775
-6.22978617688827
-6.20912611406936
-6.80162257650268
-7.42799016211923
-7.72232333894946
-7.77407904760301
-7.02190886843434
-5.89155476228551
-3.38959797338435
3.31215035754299
8.23946446923486
12.6878821610593
16.2267123308106
17.3124294026224
17.0268548099301
14.7252643126824
11.8100972770502
9.98316026872281
8.15622082588867
5.58099875174606
2.93088160129578
1.74067830176330
-0.528658932965147
-2.50295668580816
-4.03174868927080
-5.57733358718793
-6.99071645272554
-7.57664328699507
-7.65330681685953
-7.63678375464614
-7.60866998549772
-7.74243744939650
-7.99419229962356
-8.32900062951972
-8.34997122553155
-8.02848318267447
-5.31376273924203
0.0390313129497439
4.41394614801311
9.09734973111232
14.3499545725128
17.9338034824003
18.6859395527404
19.1335421474776
17.5066534053731
14.7682657126806
10.2061229321133
5.90537279790590
1.89479757779053
0.118350194907207
-2.41032177816779
-5.27766402626295
-7.15049917024188
-8.54427396725956
-9.27093245841612
-9.43606749943008
-9.53184251986808
-9.99917399456099
-10.6114430548852
-10.8897163033502
-10.8369902905411
-10.0711385799450
-8.81329014895552
-7.83133397652900
-2.91071032348019
4.06784453127244
9.22299877349763
14.5039711667791
19.4689501255724
21.5599023154776
21.6488250377510
20.1012564126120
17.3292596154063
14.9550623157642
11.9421101684965
8.28348895225224
6.02272534134042
4.77197990072235
1.19259634931066
-2.62727157090452
-4.79011344226206
-6.44228328409182
-7.68853613945100
-8.45659423524752
-8.78770282212050
-9.59466107985342
-10.1124729654114
-10.1333096941588
-9.81206438435739
-8.80006557727083
-7.32302121339232
-6.14807029140692
-0.351160585513402
8.04970791516530
13.1572291474410
15.8227724328108
19.5405451609734
20.6334185572603
19.8149318917758
17.4984925700583
13.9035870452799
11.3340072049729
9.12664522900942
6.08539330438891
3.20362699139807
1.96348724337764
0.379305046733713
-2.85623228330313
-5.21460061687190
-7.18877807168776
-8.72123333532043
-9.23357400200099
-9.27330318725937
-9.25002579357933
-9.27628379787513
-9.41822395132885
-9.53990826384458
-9.42510233930189
-8.93953510703571
-8.24307965052075
-4.17487502477367
2.13585625254578
6.92715293514665
11.8779027121445
17.0536390598611
19.8868502560408
20.2200684965206
19.1897072904123
16.7741221252780
14.5398216575324
11.9821082682206
8.01530614994347
5.53525131678846
4.71857258949120
1.99745833151657
-1.84949856845280
-4.40825103784432
-6.50345381729422
-7.83238628476296
-8.30780037293244
-8.43178765958026
-8.90826099717785
-9.46244829963703
-9.70663950923729
-9.71124439908416
-9.20205128859915
-8.12067067412805
-7.08852343179381
-1.74498335374490
5.81222116458345
10.7233732034924
13.5023063165163
17.3636611493666
19.2842399181383
18.8272669051604
16.7399745500921
14.0938010084182
11.7934103138109
9.59219800990288
6.11989035298563
3.04236691665908
1.73707293442227
-1.15710157899073
-4.20649607180224
-6.24266173683884
-8.00803823469324
-9.46312538795215
-10.0899606124416
-10.1660696823505
-10.1270313587632
-10.0040300456473
-9.89176760698101
-9.66277115556819
-8.89834223765257
-7.54641421162832
-6.48481586410201
-1.30792624759284
6.01652243618781
11.3363958467207
16.1394340393447
20.4601595830264
22.0291122843558
21.1836779724774
18.8384614656154
15.7899113824296
13.1764747536018
10.3404255299822
7.65347359490978
5.62864443501602
4.51448725077885
1.18809793878948
-1.96708293379418
-3.74253468018833
-5.11309295893279
-5.93164490047805
-6.54473439780466
-6.93841406593304
-8.10020066224085
-8.71970369260690
-9.48111553065926
-9.79643722923230
-9.81649681879871
-8.74327639334000
-7.55839053324129
-5.39708265601338
0.633027916841920
5.11686848733070
7.96946529971003
12.5532068343355
16.0077872205839
17.1420688954467
17.1381159377320
15.4337765881594
13.6305551277500
11.6884969257335
8.52390176546539
5.24818220979917
3.94720401747519
1.41078942120865
-1.33530629978763
-3.38553869895214
-5.21980032992600
-6.76095885655469
-7.57533669708056
-7.83511973478548
-8.15656288571486
-8.77447975624951
-9.22039204238068
-9.55032333502558
-9.60632372992577
-9.14597666513820
-8.66231960232081
-5.55094898293031
0.0591670518169244
4.30230289579055
8.39381701210067
13.9206496400406
18.9079471241626
20.4816743707993
21.9076443107291
20.5706886078935
18.3900253759376
15.7288958087906
11.1172336581594
6.62403474746924
4.99531970100198
2.40255931566441
-0.221095920908055
-2.17332914590513
-3.84118702116493
-5.10672219528346
-5.54311517592410
-5.67691194688028
-6.20976358460844
-7.05330667935640
-7.73938024367777
-8.29942863079377
-8.42984513181807
-7.76042505666786
-7.02460236990370
-4.53811757559700
2.79746893247132
9.09365500581180
17.1960449708846
23.1088707698780
25.8302679203679
24.7416851948956
21.5512326496725
17.7424951487993
15.1699804738734
12.7473348490253
9.08194789919586
5.55779216117221
4.42778957325047
2.20310908539821
-0.604707991394749
-2.66105910470613
-4.48848195559864
-6.05711466180719
-7.12612524440163
-7.54304981645684
-8.60407879235919
-9.77329600778341
-10.5328748483739
-11.0741652212880
-11.1718141066387
-10.7334029209564
-10.3407835680533
-7.87461718509620
-2.57813880223030
1.65378367726901
5.84233234888622
10.8068652140423
15.1586439288108
16.5855457025291
18.3733601732013
18.2106761019599
17.6143060573840
16.7914697071418
14.2284544497453
10.2536466737022
7.15504862536259
5.31014566234731
2.89047044234466
-0.126017558818458
-1.53002491883579
-3.09699889106110
-4.74067229219921
-5.43814898190029
-5.90968539294194
-6.49912459521105
-7.42466024667756
-7.91150584630003
-8.49314008689634
-9.21042593080339
-9.23085575459814
-9.00283015379397
-7.16295689292909
-1.34906961144842
3.41733179042419
9.48551145748903
16.1588367779088
20.2348282179971
22.5769441819907
22.5155716340329
19.7436296121860
17.8342487004116
14.2934646641774
10.5375393995983
7.82868855302028
5.94629799376766
4.44850653257705
1.88761866795231
0.353739621468857
-2.41626101796839
-4.20735949011278
-4.97558042444849
-5.66355477724757
-6.76940927436923
-8.19505324447327
-8.92511857667201
-10.1864321078722