-14.1026962066436
-12.9697616042608
-11.4155356095341
-10.1758683921606
-9.34265484360160
-8.56877661043686
-7.60932983126938
-6.35826790861999
-4.85949538945757
-3.33417615847943
-2.02562377669884
-1.01850071220867
-0.327435630613559
-0.0232940043941844
0.0230178082567623
-0.212294038851578
-0.744659131962500
-1.56787333714926
-2.49929369255597
-3.15988703365779
-3.24236576571136
-2.82544799050372
-2.14980866643873
-1.22873197666835
-0.238430703750113
0.662303766877283
1.44819416202649
2.06768302883736
2.35237081898816
2.35342475369415
2.03183222237342
1.36354784980044
0.203707844390470
-1.26394354279312
-3.31178316493191
-5.95046545714166
-8.60660658969155
-10.9714133660506
-12.7333569187259
-13.8579235825737
-13.9819223738912
-13.4161476729564
-12.5801737082308
-12.0036265449858
-11.7444944514466
-11.5259117769699
-11.4643137465252
-11.1226796777740
-10.3814728253685
-9.75421199280052
-9.54353924261146
-9.17507746076108
-8.20333881584679
-6.56598194186577
-4.31546030410087
-2.25091992797632
0.0626345999822797
1.63620521631037
2.27505925126069
2.50410119861586
2.37031100244709
1.68562839502478
0.639763071261961
-0.507497548331119
-1.42859714002324
-1.51319647504984
-1.61372142899843
-1.46350176378498
-1.30111964637349
-1.12801513985872
-1.01294876403786
-0.947562296971069
-1.03080884574711
-1.21535801884733
-1.42583774747308
-1.20905667640506
-1.29923854097348
-1.77629519974232
-2.33427434107786
-3.10962803333156
-4.60808843611294
-6.50018579165035
-8.13375560839776
-9.26478852584355
-10.0100128777137
-10.9299446884232
-11.1351904898279
-10.8964154569462
-10.9784248003008
-11.5599932772343
-12.2400669709962
-12.6819620395241
-12.1671570399770
-11.7340488192485
-11.2810933234237
-10.5778669553932
-9.66539107385945
-8.40609378565316
-6.64874789077492
-4.38402100757062
-1.71441151164297
0.654863436944476
1.47682183362214
1.75107844738229
1.46098003007196
0.820845650736157
-0.231061818015701
-1.64664194315989
-2.95215755093509
-3.87699352820684
-4.17512674681001
-3.90758736349051
-3.25831019674121
-2.47665490811663
-1.65965503106784
-1.05391535550428
-0.696400834365260
-0.425924506387527
-0.324281950838130
-0.458537412273735
-0.718305791885755
-0.990069277172269
-1.27241948549753
-1.56042894912159
-1.84446232428872
-2.26256216625022
-3.13514205416041
-4.07663970320906
-5.34346136147401
-6.95476517725069
-8.90986293517014
-10.9306033925077
-12.4753225494653
-11.6270136565350
-10.9748632814137
-10.7898341496214
-10.4863239110998
-10.3818703081974
-10.3089039974745
-10.2357201271499
-9.96467533289462
-9.75585673853211
-9.43374939300974
-11.2190538503803
-12.1896265933275
-11.9366533721679
-10.7236197502962
-8.96544396068260
-6.79609153974909
-4.45698066567903
-2.34920900818781
-0.471487294321509
0.646103898851613
1.41993852354858
1.69546481673031
1.58025635863196
1.04176765232254
0.351014712116556
-0.233138471567474
-0.520436911687240
-0.509908662335744
-0.240019447153316
0.145973122740168
0.570162103753100
0.851086135284489
0.885385790082746
0.748384440174214
0.552138023128377
0.258380966256456
-0.161205455302711
-0.640002503991073
-1.01167108992248
-1.25391447766624
-1.43666896870515
-1.69199927463240
-2.19073816980249
-2.92704134627467
-3.90226740003240
-5.08677180657599
-6.46361324624488
-8.46551530726554
-11.2264148060900
-13.5675869878758
-15.0794959507628
-15.1544370495499
-14.9391292187606
-14.4763532720182
-13.9479269106601
-13.3933464751272
-12.9543549002751
-12.1322518674276
-10.9452322067738
-10.0883030673078
-9.89246886575041
-10.5584451616275
-10.7284669612535
-10.4380501037731
-9.60806437543623
-8.31075613334803
-6.63098279517078
-4.66754602902295
-2.56436691573954
-1.01843136820918
0.0820734733322952
0.619629564529141
0.765425137663730
0.557796179098189
0.0996682853481054
-0.430124108227003
-0.939580940758585
-1.51328813234618
-1.92540471251277
-1.90698861001149
-1.60488204463790
-1.12957152323666
-0.787271055025238
-0.596671683186426
-0.518424068400431
-0.642895012715951
-0.868030473508576
-1.03076759658647
-1.18908894552628
-1.25328478188860
-1.16562409181530
-1.35212361499109
-1.57872802444603
-2.13474921910648
-3.00883391342251
-4.17370404844664
-5.60730214878421
-7.34153284926718
-8.97497876483160
-10.3720172143123
-10.5154284094080
-9.69548755358287
-8.39664788597281
-7.08366855204383
-6.02826105798909
-5.01876052762376
-4.71237360846226
-4.59940069410897
-5.06903245670472
-5.69624008869440
-7.47829383385731
-9.59058128329896
-11.7848097944453
-13.1128698586542
-12.7392686214849
-11.6031598830096
-9.45838654853771
-6.84245178801539
-3.94345703707526
-1.59157225999918
0.146558119265066
1.22353890081013
1.97063543975956
2.21015010907699
1.39363674462891
0.257326747010473
-0.703374737830701
-1.62522858057669
-2.38773522880476
-2.86709086740794
-3.04173529107727
-2.90246258215679
-2.68400104314211
-2.35064358891413
-2.03904347632091
-1.75654823281498
-1.60709590026959
-1.53586746976534
-1.51910375298149
-1.40786348637779
-1.20202432885605
-0.828384918200637
-0.380912736044301
0.140006325807223
0.578862303008452
0.562655783782416
-0.172313896376452
-1.54410487570544
-3.66794966882710
-5.64632717514814
-7.72485889529905
-9.46165710172704
-10.7008505385806
-11.6406591273614
-12.0716952452826
-12.0008219082789
-11.3955388481534
-10.3056512921860
-8.56460547101821
-7.33767748686336
-6.36409413824157
-6.15781467341491
-6.26541881074669
-6.36889837435077
-6.87448492449741
-6.96909080598222
-6.66896418826844
-6.07074353974433
-5.23593245612621
-4.13636755314884
-2.81917186053219
-1.37275929675662
-0.409346921476158
-0.0970061163741362
0.194084456640443
0.0313117163545428
-0.307309508634483
-0.635951472854015
-0.990808711597566
-1.29478936653298
-1.52877811263092
-1.68650902808742
-1.70686468810685
-1.55231216384745
-1.40924149602899
-1.32252685922612
-1.28912217145909
-1.30945823197290
-1.32790883117776
-1.34117904155546
-1.38362905007387
-1.47401567268306
-1.48752315335105
-1.38622451701635
-1.26536192083273
-1.14133302282841
-1.01882000526543
-0.918179059560761
-1.45352468843389
-2.55015641924388
-4.06530493234418
-6.37887968890959
-8.42642330458038
-10.2709036905224
-11.5539426548002
-12.0269915075050
-11.8422369833724
-11.3700803260444
-10.6748777490030
-9.88039071638618
-9.09912150173327
-8.07376224868612
-7.66108957264226
-7.42134978480286
-7.31347982340136
-7.70983469870332
-8.45131209383298
-9.18598340053465
-9.25093022573104
-8.59490298447679
-7.21462290687925
-5.06273175647447
-2.76345200353018
-0.762435699395061
0.608792995302403
1.51524736802919
1.93316358917800
1.99334661016583
1.71375089517916
1.11090796523687
0.206581209391489
-0.894342216378357
-1.78861203622141
-2.47798981024117
-2.96086833696899
-3.10751493962479
-3.02629000673670
-2.87426367613214
-2.66376309079571
-2.35993959998436
-1.98190357702372
-1.54782866431136
-1.15014172757139
-0.909644918153419
-0.728944794358864
-0.717709167475342
-0.693467697189581
-0.553082277519209
-0.354294254671545
-0.423471380051442
-0.726575863732885
-1.94751144420850
-4.13025526305092
-6.97190154233951
-10.4641894391408
-13.3398201701707
-15.2595901251638
-16.2134304982978
-16.2928507423979
-15.2147883033050
-14.3338428464194
-13.3551887705219
-12.2227675991291
-11.1901166457492
-10.1322234164531
-9.47679186355784
-9.55380260782769
-10.3185504634287
-11.9198181783227
-14.2308738805685
-15.8975816025325
-16.2840301956406
-15.1418578063392
-12.3919708250378
-8.51050053678074
-4.94727938421714
-2.11613918631140
-0.133898746731764
1.57342309658784
2.97195211998797
4.03387836508686
4.53054246298124
4.27109648860007
3.14407889277386
1.43154493538854
-0.186950036939622
-1.21484914571277
-1.69744069203060
-1.93054630954720
-1.93177357106860
-1.79076713996585
-1.57427741052113
-1.35234092034810
-1.06209970637786
-0.751894199191439
-0.499302775736324
-0.457296259956671
-0.620505439999841
-0.794811714542332
-1.00573888908317
-1.16679796418284
-1.25627116302032
-1.25369087372517
-1.18755645746616
-1.12487037009333
-1.41669609616793
-2.08489020437876
-3.59200661351003
-5.41591926882115
-7.60635444028902
-9.65029922407362
-11.0819176505965
-12.0430331143060
-12.7908906506120
-13.4452257471302
-13.6751522110297
-13.4556326039332
-12.6267562918583
-11.8358419967300
-11.3470621052066
-11.5038173993856
-12.2910926625752
-13.3433572795337
-14.3252899345827
-14.9918817820694
-15.2884808196810
-15.1807602084710
-14.2040260058783
-12.4317201310524
-9.84803552723406
-6.64458552206360
-3.78533227396998
-1.37411492324544
0.477037346424564
1.81227488462557
2.65438108366194
3.10851499903724
3.03759253092340
2.49498583664538
1.67722395499662
0.601611825836259
-0.214363968603619
-0.879998189793819
-1.20631999659919
-1.27214023410682
-1.17557853544020
-1.09546382844465
-1.04588262494392
-1.03571949444229
-1.02533376646918
-1.02373070443779
-1.00181845690965
-0.917342232557374
-0.870420413264016
-0.877736401366407
-0.904232801507051
-0.909425197468607
-0.741799245748301