-13.4155565005664
-11.6322965446447
-10.3106951297067
-9.61928460568739
-9.66725703439082
-10.5130076548233
-11.7807804219022
-12.9303877722389
-13.5416005163907
-13.5562778618217
-12.8157903777679
-11.3942809830325
-9.42416126849721
-7.07889386936868
-4.89778499040763
-3.02991474578214
-1.61217497132270
-0.683778857341357
-0.176042432877368
0.178239146649545
0.476780383108125
0.705149532626717
0.571497330821064
0.0511448471964400
-0.376126424647294
-0.683033878851615
-0.844176664155726
-0.853025785755160
-0.797025919348943
-0.772477479092800
-0.995429315461110
-2.10017019526566
-5.29244478285388
-10.0948052218166
-13.7722338703411
-16.9184704757465
-19.9858829369744
-22.1971394396454
-23.4358248548242
-24.2994332373352
-25.2470949308128
-25.6589846299715
-24.1197020362054
-21.1860831565706
-19.6292543843639
-18.8224375480041
-18.2409074905693
-18.4349586813091
-19.0556001790778
-19.5234985496562
-19.3665539448377
-18.6935041652915
-17.7164592057728
-16.4611411549102
-14.9453503595759
-13.3592691166473
-11.5722295882959
-9.57489887259873
-7.76507473570449
-6.29374446078298
-5.19643946169131
-4.46074841259920
-3.95009307734490
-3.41197182227538
-2.68046175296688
-1.62194443230634
-0.620581817616427
4.05901651707730e-05
0.187454882931952
0.122100827601533
-0.0240610164041489
-0.232340401462893
-0.621251125235350
-1.18097175728216
-1.93241050523493
-2.82054236615795
-3.65017103708994
-4.13124027204913
-5.11349023326202
-6.77879618328136
-9.62898351288558
-13.6149849027857
-17.6043854155898
-20.6068997192682
-22.8012028288351
-24.1960543538884
-24.8302585920037
-25.4636405035269
-25.1786482651175
-24.7659492956093
-23.5950851970302
-21.5792568032532
-19.7150427085635
-18.7752068993356
-18.3738463206858
-18.3864779368024
-18.7256459593581
-19.0639924657122
-19.4867227162192
-19.0478512136474
-17.8155359459634
-15.9580252479408
-13.5154731851526
-10.9475564779868
-8.62681128749349
-6.71655015383559
-5.19865472766266
-3.82999071184107
-2.61516286708838
-1.58045980969413
-0.754308189372654
-0.164356283239890
0.0602486962326474
-0.00638613368544472
-0.257889433003740
-0.613677233326906
-1.09006555852579
-1.66192769715312
-2.20918438410403
-2.70337747594130
-3.19918224742862
-3.57911697509905
-3.80601393431139
-3.76456038069155
-3.65230850826666
-3.66448287931638
-4.01434879875088
-6.17127455313143
-10.2492671289118
-14.7717162788074
-18.9704050673896
-22.0974666345506
-24.1426366397771
-25.3193053913306
-25.8064111763782
-25.6773803178705
-25.4140869471021
-24.1782572667865
-22.0853901701285
-19.9645941741214
-18.1063616234004
-17.0432149474863
-16.7600363749769
-17.1406865926586
-17.8547329899391
-18.4177991926237
-18.3902723871431
-17.3184099519621
-15.1675038253983
-12.6728795127298
-10.1653526898276
-7.88263839302897
-6.15713018518827
-4.94621660909268
-4.19721958228083
-4.11824518235930
-4.36256804085447
-4.75149560617306
-5.06612385360117
-5.15848574739702
-5.21509152667753
-5.40536642843853
-5.40662281493523
-5.20356009918227
-4.79349945832090
-4.24576315102008
-3.77549824087155
-3.38958321391345
-3.13380018880847
-3.10953775205090
-3.19837218672101
-3.31291626104521
-3.42237044958443
-3.53651671531130
-3.65820138997251
-3.75475445003603
-3.71023935887970
-4.10497385891620
-6.42721167962701
-9.95435261053938
-13.7364285923484
-17.6145053327530
-21.0553634608307
-23.4127582978054
-24.7029474774296
-24.9396004583628
-24.6051845133010
-24.1242250152795
-22.1424419106261
-19.7775658959376
-18.1212434116851
-16.3879315349504
-14.9778312121508
-14.5535611270980
-14.9878069578076
-16.2562275294251
-17.7977588808860
-18.5807448441175
-18.6543422421848
-17.6270133130532
-15.4953913918981
-13.2789970493687
-11.1763402036312
-9.11301141686103
-7.21501866675734
-5.53479272534689
-4.17981626067600
-3.19057699699852
-2.40375789662149
-1.78573442676633
-1.32060584444361
-0.968572952733445
-0.745017682487586
-0.707455755425899
-0.817337679805203
-0.956795460336474
-1.12739279317994
-1.36152782560565
-1.66705004690040
-2.05261393010053
-2.47996342865790
-2.90017138963610
-3.35527308891353
-3.84260103998513
-4.29270715066576
-4.65169391394517
-5.04172417960895
-6.39422748560618
-9.59818970464966
-13.1627694496437
-17.0409823570065
-20.3192372059552
-22.3364421303851
-23.3069890848601
-23.5157204972756
-23.0764125686921
-22.7474763241615
-21.5768282605898
-19.2734474214972
-17.4471330890124
-15.6638862430816
-14.4292855510739
-14.5880711704967
-15.4840074418349
-16.9066220090296
-18.7163925738194
-19.9953463847603
-20.6206023166044
-20.1587895140628
-18.7329876114620
-16.7985089972435
-14.7727156735996
-12.4018698637929
-10.2674432071133
-8.34450665060021
-6.63013441209741
-5.17925998778669
-4.22442451007148
-3.56501884850124
-3.03731221286583
-2.62424675489802
-2.28649371131868
-2.05722330012258
-1.82677970244590
-1.63195960541867
-1.63635561348122
-1.82435408375160
-2.01644418180285
-2.20288806728360
-2.34381152178544
-2.52649080278100
-2.69813216488450
-2.84110688670698
-2.98126335784551
-3.07365599052386
-3.16995644096920
-3.28916292293485
-3.38565253678018
-4.24380463543374
-5.84452723256378
-8.01450903593657
-11.2160192087107
-15.0436465446516
-18.3245572876937
-20.4720721489864
-21.9441586795138
-22.7425365247387
-22.8532402344177
-21.8685125173946
-20.3802273758074
-18.8187464167229
-16.6383913287232
-14.2418206787572
-12.4266455813337
-11.8231231139813
-11.9126534940994
-12.6703489484725
-14.0281646605681
-15.5101200985582
-16.4881914940808
-16.5305406973553
-15.8094268115793
-14.5143595054058
-12.9879595041184
-11.1856261877070
-9.35897827662967
-7.53770600966411
-5.85825468004301
-4.42370944115491
-3.22249147623359
-2.38384505744374
-1.90237914201132
-1.62019585664222
-1.52078676847503
-1.60325107751535
-1.62173171578202
-1.57497334103327
-1.50313669250826
-1.44148130215090
-1.45057679690880
-1.55244433690533
-1.76758832717586
-2.07095044105452
-2.38354367635399
-2.74253853340676
-3.10927525424927
-3.50630546926286
-3.93018612678456
-4.32927822714697
-4.66079121342144
-4.91000534816088
-5.20684969827638
-6.27564790406449
-8.76862165976377
-12.3388272370628
-15.6969895272649
-18.6504112816343
-20.7103217206767
-21.8404008675046
-22.1164125208477
-21.5781388026464
-20.7709833679492
-19.6758428326228
-17.7353254969438
-15.6322516118089
-13.9505577477286
-12.6620386490205
-12.3903269666933
-12.8249719352193
-13.8295203932137
-15.3599925538716
-16.6939141495879
-17.1957129626847
-16.9370622453162
-15.6043774640620
-13.9281941711250
-12.2036238925876
-10.2917952437404
-8.52164260742392
-7.02610503523375
-5.86215868738680
-4.95989837464485
-4.21310882845531
-3.58894107126861
-3.08613567703242
-2.74056812568000
-2.47788498003655
-2.29587601683849
-2.23153294146426
-2.17565659591833
-2.04826626587925
-1.95550254226454
-1.95126517466646
-1.99305694179188
-2.08051170249762
-2.18940961180541
-2.32195663978796
-2.54384227332488
-2.85470509662390
-3.23331073052437
-3.63959522275428
-4.05599631417566
-4.51752946428460
-5.09307976282984
-6.34517385493314
-8.30068542113722
-10.6023389724089
-13.3474582787275
-16.8262558162955
-19.8302624362763
-21.4141161799239
-22.1815180966246
-22.1060545223177
-21.6433674228057
-20.4772526274249
-19.0726880618987
-17.8877321703361
-16.3215147735416
-14.2510804889919
-12.9440508343012
-12.8344790353686
-13.1703904657549
-14.1863766534044
-15.3524669546869
-16.2722226353136
-16.3961854771862
-15.5740464886643
-14.3803866015430
-12.7646047522152
-10.7492829742628
-8.88475812130817
-7.40458912739196
-6.16619392685157
-5.15942281114851
-4.39913534768351
-3.96792244564981
-3.90514373285069
-4.00293306629078
-4.08845770900343
-4.11895995022691
-4.11988323252561
-4.00914898749391
-3.72265014480540
-3.29287341609815
-2.88724461902810
-2.51897543930729
-2.16328873578704
-1.88919102872607
-1.82267297859210
-1.95257461132631
-2.25796711515624
-2.75301919043155
-3.36612998109876
-4.00336284352729
-4.62854493980371
-5.19984921912636
-5.67548321458559
-6.04707492161397
-6.33698223195822
-7.78989562010721
-9.18821640386128
-11.0121107801529
-13.0927952980507
-15.0325285488681
-16.2053563439587
-16.5921375652956
-16.3486541636976
-15.8172348747672
-15.0483057547423
-13.3439173812257
-12.2887143433237
-11.3198038225802
-10.1858188377903
-9.32198949987701
-9.29407108286602
-10.1022114814338
-11.2253430458031
-12.6342023023077
-14.1842211981646
-15.1651851556143
-15.1970649185081
-14.4371408053759
-13.3391953309654
-12.0161517577589
-10.4470463367272
-8.67744832089752
-7.23097492630763
-5.86327383669633
-4.66378204056766
-3.82963022564266
-3.37132808644077
-3.16200750134795
-3.13594781185998
-3.16390293246802
-3.25493201043453
-3.43399767512701
-3.57263184721535
-3.63580240113387
-3.58447303193420
-3.45365599671762
-3.25114228007484
-3.01319033441438
-2.83926204968142
-2.76750422584519
-2.90958255260789
-3.15769289162495
-3.50113088973533
-3.95807500773519
-4.47854326480220
-4.86966636654231
-5.14219953804922